301
# x y z
0	0	0
0	0	-0.05
0	0	-0.1
0	0	-0.15
0	0	-0.2
0	0	-0.25
0	0	-0.3
0	0	-0.35
0	0	-0.4
0	0	-0.45
0	0	-0.5
0	0	-0.55
0	0	-0.6
0	0	-0.65
0	0	-0.7
0	0	-0.75
0	0	-0.8
0	0	-0.85
0	0	-0.9
0	0	-0.95
0	0	-1
0	0	-1.05
0	0	-1.1
0	0	-1.15
0	0	-1.2
0	0	-1.25
0	0	-1.3
0	0	-1.35
0	0	-1.4
0	0	-1.45
0	0	-1.5
0	0	-1.55
0	0	-1.6
0	0	-1.65
0	0	-1.7
0	0	-1.75
0	0	-1.8
0	0	-1.85
0	0	-1.9
0	0	-1.95
0	0	-2
0	0	-2.05
0	0	-2.1
0	0	-2.15
0	0	-2.2
0	0	-2.25
0	0	-2.3
0	0	-2.35
0	0	-2.4
0	0	-2.45
0	0	-2.5
0	0	-2.55
0	0	-2.6
0	0	-2.65
0	0	-2.7
0	0	-2.75
0	0	-2.8
0	0	-2.85
0	0	-2.9
0	0	-2.95
0	0	-3
0	0	-3.05
0	0	-3.1
0	0	-3.15
0	0	-3.2
0	0	-3.25
0	0	-3.3
0	0	-3.35
0	0	-3.4
0	0	-3.45
0	0	-3.5
0	0	-3.55
0	0	-3.6
0	0	-3.65
0	0	-3.7
0	0	-3.75
0	0	-3.8
0	0	-3.85
0	0	-3.9
0	0	-3.95
0	0	-4
0	0	-4.05
0	0	-4.1
0	0	-4.15
0	0	-4.2
0	0	-4.25
0	0	-4.3
0	0	-4.35
0	0	-4.4
0	0	-4.45
0	0	-4.5
0	0	-4.55
0	0	-4.6
0	0	-4.65
0	0	-4.7
0	0	-4.75
0	0	-4.8
0	0	-4.85
0	0	-4.9
0	0	-4.95
0	0	-5
0	0	-5.05
0	0	-5.1
0	0	-5.15
0	0	-5.2
0	0	-5.25
0	0	-5.3
0	0	-5.35
0	0	-5.4
0	0	-5.45
0	0	-5.5
0	0	-5.55
0	0	-5.6
0	0	-5.65
0	0	-5.7
0	0	-5.75
0	0	-5.8
0	0	-5.85
0	0	-5.9
0	0	-5.95
0	0	-6
0	0	-6.05
0	0	-6.1
0	0	-6.15
0	0	-6.2
0	0	-6.25
0	0	-6.3
0	0	-6.35
0	0	-6.4
0	0	-6.45
0	0	-6.5
0	0	-6.55
0	0	-6.6
0	0	-6.65
0	0	-6.7
0	0	-6.75
0	0	-6.8
0	0	-6.85
0	0	-6.9
0	0	-6.95
0	0	-7
0	0	-7.05
0	0	-7.1
0	0	-7.15
0	0	-7.2
0	0	-7.25
0	0	-7.3
0	0	-7.35
0	0	-7.4
0	0	-7.45
0	0	-7.5
0	0	-7.55
0	0	-7.6
0	0	-7.65
0	0	-7.7
0	0	-7.75
0	0	-7.8
0	0	-7.85
0	0	-7.9
0	0	-7.95
0	0	-8
0	0	-8.05
0	0	-8.1
0	0	-8.15
0	0	-8.2
0	0	-8.25
0	0	-8.3
0	0	-8.35
0	0	-8.4
0	0	-8.45
0	0	-8.5
0	0	-8.55
0	0	-8.6
0	0	-8.65
0	0	-8.7
0	0	-8.75
0	0	-8.8
0	0	-8.85
0	0	-8.9
0	0	-8.95
0	0	-9
0	0	-9.05
0	0	-9.1
0	0	-9.15
0	0	-9.2
0	0	-9.25
0	0	-9.3
0	0	-9.35
0	0	-9.4
0	0	-9.45
0	0	-9.5
0	0	-9.55
0	0	-9.6
0	0	-9.65
0	0	-9.7
0	0	-9.75
0	0	-9.8
0	0	-9.85
0	0	-9.9
0	0	-9.95
0	0	-10
0	0	-10.05
0	0	-10.1
0	0	-10.15
0	0	-10.2
0	0	-10.25
0	0	-10.3
0	0	-10.35
0	0	-10.4
0	0	-10.45
0	0	-10.5
0	0	-10.55
0	0	-10.6
0	0	-10.65
0	0	-10.7
0	0	-10.75
0	0	-10.8
0	0	-10.85
0	0	-10.9
0	0	-10.95
0	0	-11
0	0	-11.05
0	0	-11.1
0	0	-11.15
0	0	-11.2
0	0	-11.25
0	0	-11.3
0	0	-11.35
0	0	-11.4
0	0	-11.45
0	0	-11.5
0	0	-11.55
0	0	-11.6
0	0	-11.65
0	0	-11.7
0	0	-11.75
0	0	-11.8
0	0	-11.85
0	0	-11.9
0	0	-11.95
0	0	-12
0	0	-12.05
0	0	-12.1
0	0	-12.15
0	0	-12.2
0	0	-12.25
0	0	-12.3
0	0	-12.35
0	0	-12.4
0	0	-12.45
0	0	-12.5
0	0	-12.55
0	0	-12.6
0	0	-12.65
0	0	-12.7
0	0	-12.75
0	0	-12.8
0	0	-12.85
0	0	-12.9
0	0	-12.95
0	0	-13
0	0	-13.05
0	0	-13.1
0	0	-13.15
0	0	-13.2
0	0	-13.25
0	0	-13.3
0	0	-13.35
0	0	-13.4
0	0	-13.45
0	0	-13.5
0	0	-13.55
0	0	-13.6
0	0	-13.65
0	0	-13.7
0	0	-13.75
0	0	-13.8
0	0	-13.85
0	0	-13.9
0	0	-13.95
0	0	-14
0	0	-14.05
0	0	-14.1
0	0	-14.15
0	0	-14.2
0	0	-14.25
0	0	-14.3
0	0	-14.35
0	0	-14.4
0	0	-14.45
0	0	-14.5
0	0	-14.55
0	0	-14.6
0	0	-14.65
0	0	-14.7
0	0	-14.75
0	0	-14.8
0	0	-14.85
0	0	-14.9
0	0	-14.95
0	0	-15
452
# a b m n err i ip iperr k r rhoa u valid 
1	31	11	21	0.00000000000000e+00	1.00000000000000e+00	0.00000000000000e+00	0.00000000000000e+00	4.33323124633075e+00	2.03944462650936e+01	8.83738518075170e+01	2.03944462650936e+01	1
2	32	12	22	0.00000000000000e+00	1.00000000000000e+00	0.00000000000000e+00	0.00000000000000e+00	4.71356619471904e+00	1.94576363409600e+01	9.17148568858858e+01	1.94576363409600e+01	1
3	33	13	23	0.00000000000000e+00	1.00000000000000e+00	0.00000000000000e+00	0.00000000000000e+00	5.00440274059050e+00	1.87555505719394e+01	9.38603286834972e+01	1.87555505719394e+01	1
4	34	14	24	0.00000000000000e+00	1.00000000000000e+00	0.00000000000000e+00	0.00000000000000e+00	5.22916918253467e+00	1.81188639134499e+01	9.47466047987515e+01	1.81188639134499e+01	1
5	35	15	25	0.00000000000000e+00	1.00000000000000e+00	0.00000000000000e+00	0.00000000000000e+00	5.40492239713594e+00	1.75269236565464e+01	9.47316622241597e+01	1.75269236565464e+01	1
6	36	16	26	0.00000000000000e+00	1.00000000000000e+00	0.00000000000000e+00	0.00000000000000e+00	5.54398703574669e+00	1.70233361377977e+01	9.43771548531088e+01	1.70233361377977e+01	1
7	37	17	27	0.00000000000000e+00	1.00000000000000e+00	0.00000000000000e+00	0.00000000000000e+00	5.65528936040041e+00	1.65985517707105e+01	9.38696132269547e+01	1.65985517707105e+01	1
8	38	18	28	0.00000000000000e+00	1.00000000000000e+00	0.00000000000000e+00	0.00000000000000e+00	5.74534182854098e+00	1.62916261017362e+01	9.36009608972551e+01	1.62916261017362e+01	1
9	39	19	29	0.00000000000000e+00	1.00000000000000e+00	0.00000000000000e+00	0.00000000000000e+00	5.81894234868093e+00	1.61172556416710e+01	9.37853813978358e+01	1.61172556416710e+01	1
10	40	20	30	0.00000000000000e+00	1.00000000000000e+00	0.00000000000000e+00	0.00000000000000e+00	5.87966400842681e+00	1.59188260143828e+01	9.35973483731753e+01	1.59188260143828e+01	1
11	41	21	31	0.00000000000000e+00	1.00000000000000e+00	0.00000000000000e+00	0.00000000000000e+00	5.93019736857399e+00	1.56392804433233e+01	9.27440197313867e+01	1.56392804433233e+01	1
12	42	22	32	0.00000000000000e+00	1.00000000000000e+00	0.00000000000000e+00	0.00000000000000e+00	5.97259071209649e+00	1.53877843958245e+01	9.19049381622449e+01	1.53877843958245e+01	1
13	43	23	33	0.00000000000000e+00	1.00000000000000e+00	0.00000000000000e+00	0.00000000000000e+00	6.00841993362509e+00	1.52371964243455e+01	9.15514747285986e+01	1.52371964243455e+01	1
14	44	24	34	0.00000000000000e+00	1.00000000000000e+00	0.00000000000000e+00	0.00000000000000e+00	6.03890978038590e+00	1.51909713319025e+01	9.17369053497877e+01	1.51909713319025e+01	1
15	45	25	35	0.00000000000000e+00	1.00000000000000e+00	0.00000000000000e+00	0.00000000000000e+00	6.06502124037442e+00	1.51980037535121e+01	9.21762155763408e+01	1.51980037535121e+01	1
16	46	26	36	0.00000000000000e+00	1.00000000000000e+00	0.00000000000000e+00	0.00000000000000e+00	6.08751517650617e+00	1.52008098786545e+01	9.25351608314941e+01	1.52008098786545e+01	1
17	47	27	37	0.00000000000000e+00	1.00000000000000e+00	0.00000000000000e+00	0.00000000000000e+00	6.10699913684056e+00	1.51630254004218e+01	9.26005830322674e+01	1.51630254004218e+01	1
18	48	28	38	0.00000000000000e+00	1.00000000000000e+00	0.00000000000000e+00	0.00000000000000e+00	6.12396213251112e+00	1.50861236823336e+01	9.23868501569900e+01	1.50861236823336e+01	1
19	49	29	39	0.00000000000000e+00	1.00000000000000e+00	0.00000000000000e+00	0.00000000000000e+00	6.13880072532079e+00	1.49817009005428e+01	9.19696763547911e+01	1.49817009005428e+01	1
20	50	30	40	0.00000000000000e+00	1.00000000000000e+00	0.00000000000000e+00	0.00000000000000e+00	6.15183877753701e+00	1.48594852795777e+01	9.14131577571462e+01	1.48594852795777e+01	1
21	51	31	41	0.00000000000000e+00	1.00000000000000e+00	0.00000000000000e+00	0.00000000000000e+00	6.16334253565300e+00	1.48305819983153e+01	9.14059568587063e+01	1.48305819983153e+01	1
22	52	32	42	0.00000000000000e+00	1.00000000000000e+00	0.00000000000000e+00	0.00000000000000e+00	6.17353224736129e+00	1.49119381622629e+01	9.20593311153872e+01	1.49119381622629e+01	1
23	53	33	43	0.00000000000000e+00	1.00000000000000e+00	0.00000000000000e+00	0.00000000000000e+00	6.18259118002790e+00	1.49860409813058e+01	9.26525647945576e+01	1.49860409813058e+01	1
24	54	34	44	0.00000000000000e+00	1.00000000000000e+00	0.00000000000000e+00	0.00000000000000e+00	6.19067267502426e+00	1.49872226907101e+01	9.27809899858824e+01	1.49872226907101e+01	1
25	55	35	45	0.00000000000000e+00	1.00000000000000e+00	0.00000000000000e+00	0.00000000000000e+00	6.19790570542493e+00	1.48938887036444e+01	9.23109177722813e+01	1.48938887036444e+01	1
26	56	36	46	0.00000000000000e+00	1.00000000000000e+00	0.00000000000000e+00	0.00000000000000e+00	6.20439928451903e+00	1.48065235799792e+01	9.18655843058369e+01	1.48065235799792e+01	1
27	57	37	47	0.00000000000000e+00	1.00000000000000e+00	0.00000000000000e+00	0.00000000000000e+00	6.21024598544366e+00	1.47559655264996e+01	9.16381756722890e+01	1.47559655264996e+01	1
28	58	38	48	0.00000000000000e+00	1.00000000000000e+00	0.00000000000000e+00	0.00000000000000e+00	6.21552476847512e+00	1.46989903489819e+01	9.13619385856739e+01	1.46989903489819e+01	1
29	59	39	49	0.00000000000000e+00	1.00000000000000e+00	0.00000000000000e+00	0.00000000000000e+00	6.22030326546426e+00	1.46231853389014e+01	9.09606475150573e+01	1.46231853389014e+01	1
30	60	40	50	0.00000000000000e+00	1.00000000000000e+00	0.00000000000000e+00	0.00000000000000e+00	6.22463963592377e+00	1.45354873274696e+01	9.04781705460352e+01	1.45354873274696e+01	1
31	61	41	51	0.00000000000000e+00	1.00000000000000e+00	0.00000000000000e+00	0.00000000000000e+00	6.22858408307471e+00	1.44852163517599e+01	9.02223880084655e+01	1.44852163517599e+01	1
32	62	42	52	0.00000000000000e+00	1.00000000000000e+00	0.00000000000000e+00	0.00000000000000e+00	6.23218009839679e+00	1.44219109474419e+01	8.98799463874981e+01	1.44219109474419e+01	1
33	63	43	53	0.00000000000000e+00	1.00000000000000e+00	0.00000000000000e+00	0.00000000000000e+00	6.23546548821525e+00	1.43746339392164e+01	8.96325338337118e+01	1.43746339392164e+01	1
34	64	44	54	0.00000000000000e+00	1.00000000000000e+00	0.00000000000000e+00	0.00000000000000e+00	6.23847322438191e+00	1.44049041502842e+01	8.98646088413359e+01	1.44049041502842e+01	1
35	65	45	55	0.00000000000000e+00	1.00000000000000e+00	0.00000000000000e+00	0.00000000000000e+00	6.24123215227909e+00	1.45016197621179e+01	9.05079755194563e+01	1.45016197621179e+01	1
36	66	46	56	0.00000000000000e+00	1.00000000000000e+00	0.00000000000000e+00	0.00000000000000e+00	6.24376758254232e+00	1.46075040794772e+01	9.12058604332945e+01	1.46075040794772e+01	1
37	67	47	57	0.00000000000000e+00	1.00000000000000e+00	0.00000000000000e+00	0.00000000000000e+00	6.24610178757890e+00	1.46121312430521e+01	9.12688590775655e+01	1.46121312430521e+01	1
38	68	48	58	0.00000000000000e+00	1.00000000000000e+00	0.00000000000000e+00	0.00000000000000e+00	6.24825441979583e+00	1.45191499422126e+01	9.07193427981085e+01	1.45191499422126e+01	1
39	69	49	59	0.00000000000000e+00	1.00000000000000e+00	0.00000000000000e+00	0.00000000000000e+00	6.25024286517451e+00	1.43834648025812e+01	8.99001482588217e+01	1.43834648025812e+01	1
40	70	50	60	0.00000000000000e+00	1.00000000000000e+00	0.00000000000000e+00	0.00000000000000e+00	6.25208254323826e+00	1.42577581535633e+01	8.91406808576060e+01	1.42577581535633e+01	1
41	71	51	61	0.00000000000000e+00	1.00000000000000e+00	0.00000000000000e+00	0.00000000000000e+00	6.25378716239908e+00	1.42243227093689e+01	8.89558867536729e+01	1.42243227093689e+01	1
42	72	52	62	0.00000000000000e+00	1.00000000000000e+00	0.00000000000000e+00	0.00000000000000e+00	6.25536893802527e+00	1.42675226054493e+01	8.92486177287006e+01	1.42675226054493e+01	1
43	73	53	63	0.00000000000000e+00	1.00000000000000e+00	0.00000000000000e+00	0.00000000000000e+00	6.25683877925223e+00	1.43385465768464e+01	8.97139742601268e+01	1.43385465768464e+01	1
44	74	54	64	0.00000000000000e+00	1.00000000000000e+00	0.00000000000000e+00	0.00000000000000e+00	6.25820644949564e+00	1.43527053319513e+01	8.98221930761280e+01	1.43527053319513e+01	1
45	75	55	65	0.00000000000000e+00	1.00000000000000e+00	0.00000000000000e+00	0.00000000000000e+00	6.25948070476616e+00	1.43279457822575e+01	8.96855001629766e+01	1.43279457822575e+01	1
46	76	56	66	0.00000000000000e+00	1.00000000000000e+00	0.00000000000000e+00	0.00000000000000e+00	6.26066941318611e+00	1.43230683739902e+01	8.96719960720135e+01	1.43230683739902e+01	1
47	77	57	67	0.00000000000000e+00	1.00000000000000e+00	0.00000000000000e+00	0.00000000000000e+00	6.26177965853892e+00	1.43058879993142e+01	8.95803184714419e+01	1.43058879993142e+01	1
48	78	58	68	0.00000000000000e+00	1.00000000000000e+00	0.00000000000000e+00	0.00000000000000e+00	6.26281783021548e+00	1.42636182673985e+01	8.93304428084503e+01	1.42636182673985e+01	1
49	79	59	69	0.00000000000000e+00	1.00000000000000e+00	0.00000000000000e+00	0.00000000000000e+00	6.26378970153871e+00	1.41986538445005e+01	8.89373817268950e+01	1.41986538445005e+01	1
50	80	60	70	0.00000000000000e+00	1.00000000000000e+00	0.00000000000000e+00	0.00000000000000e+00	6.26470049813139e+00	1.41940993223914e+01	8.89217810955121e+01	1.41940993223914e+01	1
51	81	61	71	0.00000000000000e+00	1.00000000000000e+00	0.00000000000000e+00	0.00000000000000e+00	6.26555495773143e+00	1.42201359340043e+01	8.90970432009154e+01	1.42201359340043e+01	1
52	82	62	72	0.00000000000000e+00	1.00000000000000e+00	0.00000000000000e+00	0.00000000000000e+00	6.26635738264137e+00	1.41795436376433e+01	8.88540879562318e+01	1.41795436376433e+01	1
53	83	63	73	0.00000000000000e+00	1.00000000000000e+00	0.00000000000000e+00	0.00000000000000e+00	6.26711168581902e+00	1.41284613188037e+01	8.85446450337165e+01	1.41284613188037e+01	1
54	84	64	74	0.00000000000000e+00	1.00000000000000e+00	0.00000000000000e+00	0.00000000000000e+00	6.26782143146463e+00	1.41395062277880e+01	8.86239001648573e+01	1.41395062277880e+01	1
55	85	65	75	0.00000000000000e+00	1.00000000000000e+00	0.00000000000000e+00	0.00000000000000e+00	6.26848987083460e+00	1.41929663581762e+01	8.89684658533238e+01	1.41929663581762e+01	1
56	86	66	76	0.00000000000000e+00	1.00000000000000e+00	0.00000000000000e+00	0.00000000000000e+00	6.26911997390480e+00	1.42131771623178e+01	8.91041128409340e+01	1.42131771623178e+01	1
57	87	67	77	0.00000000000000e+00	1.00000000000000e+00	0.00000000000000e+00	0.00000000000000e+00	6.26971445741804e+00	1.41302896405258e+01	8.85928812467092e+01	1.41302896405258e+01	1
58	88	68	78	0.00000000000000e+00	1.00000000000000e+00	0.00000000000000e+00	0.00000000000000e+00	6.27027580977427e+00	1.40527296886238e+01	8.81144910278743e+01	1.40527296886238e+01	1
59	89	69	79	0.00000000000000e+00	1.00000000000000e+00	0.00000000000000e+00	0.00000000000000e+00	6.27080631315834e+00	1.40462057032154e+01	8.80810353996437e+01	1.40462057032154e+01	1
60	90	70	80	0.00000000000000e+00	1.00000000000000e+00	0.00000000000000e+00	0.00000000000000e+00	6.27130806324641e+00	1.40520178525123e+01	8.81245328633431e+01	1.40520178525123e+01	1
61	91	71	81	0.00000000000000e+00	1.00000000000000e+00	0.00000000000000e+00	0.00000000000000e+00	6.27178298678506e+00	1.40572610136735e+01	8.81640904663542e+01	1.40572610136735e+01	1
62	92	72	82	0.00000000000000e+00	1.00000000000000e+00	0.00000000000000e+00	0.00000000000000e+00	6.27223285729876e+00	1.40476861433168e+01	8.81103585971325e+01	1.40476861433168e+01	1
63	93	73	83	0.00000000000000e+00	1.00000000000000e+00	0.00000000000000e+00	0.00000000000000e+00	6.27265930914715e+00	1.40419070951962e+01	8.80800992588617e+01	1.40419070951962e+01	1
64	94	74	84	0.00000000000000e+00	1.00000000000000e+00	0.00000000000000e+00	0.00000000000000e+00	6.27306385012493e+00	1.39617890030565e+01	8.75831938781453e+01	1.39617890030565e+01	1
65	95	75	85	0.00000000000000e+00	1.00000000000000e+00	0.00000000000000e+00	0.00000000000000e+00	6.27344787277239e+00	1.37882708051513e+01	8.64999981517862e+01	1.37882708051513e+01	1
66	96	76	86	0.00000000000000e+00	1.00000000000000e+00	0.00000000000000e+00	0.00000000000000e+00	6.27381266454348e+00	1.36240686397673e+01	8.54748543747817e+01	1.36240686397673e+01	1
67	97	77	87	0.00000000000000e+00	1.00000000000000e+00	0.00000000000000e+00	0.00000000000000e+00	6.27415941695973e+00	1.35105183835526e+01	8.47671461441740e+01	1.35105183835526e+01	1
68	98	78	88	0.00000000000000e+00	1.00000000000000e+00	0.00000000000000e+00	0.00000000000000e+00	6.27448923386247e+00	1.34705556906566e+01	8.45208566551699e+01	1.34705556906566e+01	1
69	99	79	89	0.00000000000000e+00	1.00000000000000e+00	0.00000000000000e+00	0.00000000000000e+00	6.27480313886256e+00	1.34248282504808e+01	8.42381544448078e+01	1.34248282504808e+01	1
70	100	80	90	0.00000000000000e+00	1.00000000000000e+00	0.00000000000000e+00	0.00000000000000e+00	6.27510208207399e+00	1.33539663880679e+01	8.37975022857109e+01	1.33539663880679e+01	1
71	101	81	91	0.00000000000000e+00	1.00000000000000e+00	0.00000000000000e+00	0.00000000000000e+00	6.27538694620842e+00	1.32001106470491e+01	8.28358020429985e+01	1.32001106470491e+01	1
72	102	82	92	0.00000000000000e+00	1.00000000000000e+00	0.00000000000000e+00	0.00000000000000e+00	6.27565855209799e+00	1.29542995148508e+01	8.12967605368123e+01	1.29542995148508e+01	1
73	103	83	93	0.00000000000000e+00	1.00000000000000e+00	0.00000000000000e+00	0.00000000000000e+00	6.27591766370610e+00	1.27309317427886e+01	7.98982794000037e+01	1.27309317427886e+01	1
74	104	84	94	0.00000000000000e+00	1.00000000000000e+00	0.00000000000000e+00	0.00000000000000e+00	6.27616499267912e+00	1.25741551127934e+01	7.89174721314313e+01	1.25741551127934e+01	1
75	105	85	95	0.00000000000000e+00	1.00000000000000e+00	0.00000000000000e+00	0.00000000000000e+00	6.27640120248584e+00	1.24790232352153e+01	7.83233564393539e+01	1.24790232352153e+01	1
76	106	86	96	0.00000000000000e+00	1.00000000000000e+00	0.00000000000000e+00	0.00000000000000e+00	6.27662691218620e+00	1.23733311023435e+01	7.76627829903598e+01	1.23733311023435e+01	1
77	107	87	97	0.00000000000000e+00	1.00000000000000e+00	0.00000000000000e+00	0.00000000000000e+00	6.27684269986635e+00	1.22477882207063e+01	7.68774400826494e+01	1.22477882207063e+01	1
78	108	88	98	0.00000000000000e+00	1.00000000000000e+00	0.00000000000000e+00	0.00000000000000e+00	6.27704910577299e+00	1.22199431202704e+01	7.67051830356902e+01	1.22199431202704e+01	1
79	109	89	99	0.00000000000000e+00	1.00000000000000e+00	0.00000000000000e+00	0.00000000000000e+00	6.27724663517611e+00	1.22801215980541e+01	7.70853519809386e+01	1.22801215980541e+01	1
80	110	90	100	0.00000000000000e+00	1.00000000000000e+00	0.00000000000000e+00	0.00000000000000e+00	6.27743576098673e+00	1.23073863930141e+01	7.72588274677881e+01	1.23073863930141e+01	1
81	111	91	101	0.00000000000000e+00	1.00000000000000e+00	0.00000000000000e+00	0.00000000000000e+00	6.27761692615265e+00	1.22330641429927e+01	7.67944905227623e+01	1.22330641429927e+01	1
82	112	92	102	0.00000000000000e+00	1.00000000000000e+00	0.00000000000000e+00	0.00000000000000e+00	6.27779054585334e+00	1.20762961897953e+01	7.58124580492216e+01	1.20762961897953e+01	1
83	113	93	103	0.00000000000000e+00	1.00000000000000e+00	0.00000000000000e+00	0.00000000000000e+00	6.27795700951284e+00	1.18720043111321e+01	7.45319326820387e+01	1.18720043111321e+01	1
84	114	94	104	0.00000000000000e+00	1.00000000000000e+00	0.00000000000000e+00	0.00000000000000e+00	6.27811668264723e+00	1.16234553981732e+01	7.29734092452771e+01	1.16234553981732e+01	1
85	115	95	105	0.00000000000000e+00	1.00000000000000e+00	0.00000000000000e+00	0.00000000000000e+00	6.27826990856217e+00	1.13442391389963e+01	7.12221952218937e+01	1.13442391389963e+01	1
86	116	96	106	0.00000000000000e+00	1.00000000000000e+00	0.00000000000000e+00	0.00000000000000e+00	6.27841700991376e+00	1.10794583761981e+01	6.95614599297534e+01	1.10794583761981e+01	1
87	117	97	107	0.00000000000000e+00	1.00000000000000e+00	0.00000000000000e+00	0.00000000000000e+00	6.27855829014521e+00	1.09280723085497e+01	6.86125389881509e+01	1.09280723085497e+01	1
88	118	98	108	0.00000000000000e+00	1.00000000000000e+00	0.00000000000000e+00	0.00000000000000e+00	6.27869403481016e+00	1.08478721035233e+01	6.81104698667750e+01	1.08478721035233e+01	1
89	119	99	109	0.00000000000000e+00	1.00000000000000e+00	0.00000000000000e+00	0.00000000000000e+00	6.27882451279288e+00	1.06871336163764e+01	6.71026365219970e+01	1.06871336163764e+01	1
90	120	100	110	0.00000000000000e+00	1.00000000000000e+00	0.00000000000000e+00	0.00000000000000e+00	6.27894997743398e+00	1.04657946677893e+01	6.57142011931444e+01	1.04657946677893e+01	1
91	121	101	111	0.00000000000000e+00	1.00000000000000e+00	0.00000000000000e+00	0.00000000000000e+00	6.27907066757009e+00	1.02392521046528e+01	6.42929875481808e+01	1.02392521046528e+01	1
92	122	102	112	0.00000000000000e+00	1.00000000000000e+00	0.00000000000000e+00	0.00000000000000e+00	6.27918680849467e+00	1.00081834893473e+01	6.28432537433038e+01	1.00081834893473e+01	1
93	123	103	113	0.00000000000000e+00	1.00000000000000e+00	0.00000000000000e+00	0.00000000000000e+00	6.27929861284663e+00	9.81285250232811e+00	6.16178311059375e+01	9.81285250232811e+00	1
94	124	104	114	0.00000000000000e+00	1.00000000000000e+00	0.00000000000000e+00	0.00000000000000e+00	6.27940628143306e+00	9.65808312457446e+00	6.06470278390555e+01	9.65808312457446e+00	1
95	125	105	115	0.00000000000000e+00	1.00000000000000e+00	0.00000000000000e+00	0.00000000000000e+00	6.27951000399101e+00	9.54643889597954e+00	5.99469585497925e+01	9.54643889597954e+00	1
96	126	106	116	0.00000000000000e+00	1.00000000000000e+00	0.00000000000000e+00	0.00000000000000e+00	6.27960995989393e+00	9.45401460459830e+00	5.93675242720182e+01	9.45401460459830e+00	1
97	127	107	117	0.00000000000000e+00	1.00000000000000e+00	0.00000000000000e+00	0.00000000000000e+00	6.27970631880686e+00	9.36207117790699e+00	5.87910575330221e+01	9.36207117790699e+00	1
98	128	108	118	0.00000000000000e+00	1.00000000000000e+00	0.00000000000000e+00	0.00000000000000e+00	6.27979924129469e+00	9.23276054236998e+00	5.79798826490305e+01	9.23276054236998e+00	1
99	129	109	119	0.00000000000000e+00	1.00000000000000e+00	0.00000000000000e+00	0.00000000000000e+00	6.27988887938724e+00	9.09445780163771e+00	5.71121844125612e+01	9.09445780163771e+00	1
100	130	110	120	0.00000000000000e+00	1.00000000000000e+00	0.00000000000000e+00	0.00000000000000e+00	6.27997537710448e+00	8.98399427879630e+00	5.64192628588882e+01	8.98399427879630e+00	1
101	131	111	121	0.00000000000000e+00	1.00000000000000e+00	0.00000000000000e+00	0.00000000000000e+00	6.28005887094513e+00	8.85619785216028e+00	5.56174438843044e+01	8.85619785216028e+00	1
102	132	112	122	0.00000000000000e+00	1.00000000000000e+00	0.00000000000000e+00	0.00000000000000e+00	6.28013949034150e+00	8.71835649458613e+00	5.47524949125256e+01	8.71835649458613e+00	1
103	133	113	123	0.00000000000000e+00	1.00000000000000e+00	0.00000000000000e+00	0.00000000000000e+00	6.28021735808303e+00	8.58247078555792e+00	5.38997820027013e+01	8.58247078555792e+00	1
104	134	114	124	0.00000000000000e+00	1.00000000000000e+00	0.00000000000000e+00	0.00000000000000e+00	6.28029259071114e+00	8.44352171943818e+00	5.30277868940962e+01	8.44352171943818e+00	1
105	135	115	125	0.00000000000000e+00	1.00000000000000e+00	0.00000000000000e+00	0.00000000000000e+00	6.28036529888741e+00	8.34961245817635e+00	5.24386163414887e+01	8.34961245817635e+00	1
106	136	116	126	0.00000000000000e+00	1.00000000000000e+00	0.00000000000000e+00	0.00000000000000e+00	6.28043558773710e+00	8.30438785042697e+00	5.21551729901932e+01	8.30438785042697e+00	1
107	137	117	127	0.00000000000000e+00	1.00000000000000e+00	0.00000000000000e+00	0.00000000000000e+00	6.28050355717001e+00	8.29654870079805e+00	5.21065036275964e+01	8.29654870079805e+00	1
108	138	118	128	0.00000000000000e+00	1.00000000000000e+00	0.00000000000000e+00	0.00000000000000e+00	6.28056930218015e+00	8.31898384715933e+00	5.22479545758014e+01	8.31898384715933e+00	1
109	139	119	129	0.00000000000000e+00	1.00000000000000e+00	0.00000000000000e+00	0.00000000000000e+00	6.28063291312590e+00	8.34790179066447e+00	5.24301067419899e+01	8.34790179066447e+00	1
110	140	120	130	0.00000000000000e+00	1.00000000000000e+00	0.00000000000000e+00	0.00000000000000e+00	6.28069447599209e+00	8.35168547841624e+00	5.24543848495122e+01	8.35168547841624e+00	1
111	141	121	131	0.00000000000000e+00	1.00000000000000e+00	0.00000000000000e+00	0.00000000000000e+00	6.28075407263518e+00	8.33524961788438e+00	5.23516529839582e+01	8.33524961788438e+00	1
112	142	122	132	0.00000000000000e+00	1.00000000000000e+00	0.00000000000000e+00	0.00000000000000e+00	6.28081178101295e+00	8.30022003066104e+00	5.21321197535755e+01	8.30022003066104e+00	1
113	143	123	133	0.00000000000000e+00	1.00000000000000e+00	0.00000000000000e+00	0.00000000000000e+00	6.28086767539960e+00	8.25177659160802e+00	5.18283168588499e+01	8.25177659160802e+00	1
114	144	124	134	0.00000000000000e+00	1.00000000000000e+00	0.00000000000000e+00	0.00000000000000e+00	6.28092182658743e+00	8.22145055198146e+00	5.16382882181496e+01	8.22145055198146e+00	1
115	145	125	135	0.00000000000000e+00	1.00000000000000e+00	0.00000000000000e+00	0.00000000000000e+00	6.28097430207595e+00	8.24054971614452e+00	5.17586810020830e+01	8.24054971614452e+00	1
116	146	126	136	0.00000000000000e+00	1.00000000000000e+00	0.00000000000000e+00	0.00000000000000e+00	6.28102516624939e+00	8.29879247760922e+00	5.21249244013447e+01	8.29879247760922e+00	1
117	147	127	137	0.00000000000000e+00	1.00000000000000e+00	0.00000000000000e+00	0.00000000000000e+00	6.28107448054329e+00	8.33017844139115e+00	5.23224712265938e+01	8.33017844139115e+00	1
118	148	128	138	0.00000000000000e+00	1.00000000000000e+00	0.00000000000000e+00	0.00000000000000e+00	6.28112230360097e+00	8.30546069012833e+00	5.21676143824461e+01	8.30546069012833e+00	1
119	149	129	139	0.00000000000000e+00	1.00000000000000e+00	0.00000000000000e+00	0.00000000000000e+00	6.28116869142065e+00	8.23004520986194e+00	5.16943023011614e+01	8.23004520986194e+00	1
120	150	130	140	0.00000000000000e+00	1.00000000000000e+00	0.00000000000000e+00	0.00000000000000e+00	6.28121369749372e+00	8.12166443345707e+00	5.10139098858781e+01	8.12166443345707e+00	1
121	151	131	141	0.00000000000000e+00	1.00000000000000e+00	0.00000000000000e+00	0.00000000000000e+00	6.28125737293477e+00	8.06012644058121e+00	5.06277286316872e+01	8.06012644058121e+00	1
122	152	132	142	0.00000000000000e+00	1.00000000000000e+00	0.00000000000000e+00	0.00000000000000e+00	6.28129976660402e+00	8.04227037849441e+00	5.05159110514034e+01	8.04227037849441e+00	1
123	153	133	143	0.00000000000000e+00	1.00000000000000e+00	0.00000000000000e+00	0.00000000000000e+00	6.28134092522257e+00	8.03368354895346e+00	5.04623052563286e+01	8.03368354895346e+00	1
124	154	134	144	0.00000000000000e+00	1.00000000000000e+00	0.00000000000000e+00	0.00000000000000e+00	6.28138089348097e+00	8.05745275180942e+00	5.06119297653413e+01	8.05745275180942e+00	1
125	155	135	145	0.00000000000000e+00	1.00000000000000e+00	0.00000000000000e+00	0.00000000000000e+00	6.28141971414149e+00	8.10722761338763e+00	5.09248993577653e+01	8.10722761338763e+00	1
126	156	136	146	0.00000000000000e+00	1.00000000000000e+00	0.00000000000000e+00	0.00000000000000e+00	6.28145742813461e+00	8.16407556272081e+00	5.12822930873049e+01	8.16407556272081e+00	1
127	157	137	147	0.00000000000000e+00	1.00000000000000e+00	0.00000000000000e+00	0.00000000000000e+00	6.28149407464996e+00	8.21916411942264e+00	5.16286307147289e+01	8.21916411942264e+00	1
128	158	138	148	0.00000000000000e+00	1.00000000000000e+00	0.00000000000000e+00	0.00000000000000e+00	6.28152969122216e+00	8.27265142519673e+00	5.19649055525046e+01	8.27265142519673e+00	1
129	159	139	149	0.00000000000000e+00	1.00000000000000e+00	0.00000000000000e+00	0.00000000000000e+00	6.28156431381189e+00	8.30739434490835e+00	5.21834318577390e+01	8.30739434490835e+00	1
130	160	140	150	0.00000000000000e+00	1.00000000000000e+00	0.00000000000000e+00	0.00000000000000e+00	6.28159797688237e+00	8.31147638142056e+00	5.22093532224370e+01	8.31147638142056e+00	1
131	161	141	151	0.00000000000000e+00	1.00000000000000e+00	0.00000000000000e+00	0.00000000000000e+00	6.28163071347169e+00	8.28483472292292e+00	5.20422722515494e+01	8.28483472292292e+00	1
132	162	142	152	0.00000000000000e+00	1.00000000000000e+00	0.00000000000000e+00	0.00000000000000e+00	6.28166255526115e+00	8.21318676675569e+00	5.15924677720956e+01	8.21318676675569e+00	1
133	163	143	153	0.00000000000000e+00	1.00000000000000e+00	0.00000000000000e+00	0.00000000000000e+00	6.28169353263983e+00	8.11519428927425e+00	5.09771634830497e+01	8.11519428927425e+00	1
134	164	144	154	0.00000000000000e+00	1.00000000000000e+00	0.00000000000000e+00	0.00000000000000e+00	6.28172367476579e+00	8.05214780358577e+00	5.05813674904981e+01	8.05214780358577e+00	1
135	165	145	155	0.00000000000000e+00	1.00000000000000e+00	0.00000000000000e+00	0.00000000000000e+00	6.28175300962381e+00	8.04103786808783e+00	5.05118138283598e+01	8.04103786808783e+00	1
136	166	146	156	0.00000000000000e+00	1.00000000000000e+00	0.00000000000000e+00	0.00000000000000e+00	6.28178156408019e+00	8.04041436139853e+00	5.05081267029989e+01	8.04041436139853e+00	1
137	167	147	157	0.00000000000000e+00	1.00000000000000e+00	0.00000000000000e+00	0.00000000000000e+00	6.28180936393463e+00	8.05772891939203e+00	5.06171169778837e+01	8.05772891939203e+00	1
138	168	148	158	0.00000000000000e+00	1.00000000000000e+00	0.00000000000000e+00	0.00000000000000e+00	6.28183643396924e+00	8.13367360119623e+00	5.10944071700083e+01	8.13367360119623e+00	1
139	169	149	159	0.00000000000000e+00	1.00000000000000e+00	0.00000000000000e+00	0.00000000000000e+00	6.28186279799522e+00	8.18505007909632e+00	5.14173615916030e+01	8.18505007909632e+00	1
140	170	150	160	0.00000000000000e+00	1.00000000000000e+00	0.00000000000000e+00	0.00000000000000e+00	6.28188847889686e+00	8.18444336695297e+00	5.14137604930457e+01	8.18444336695297e+00	1
141	171	151	161	0.00000000000000e+00	1.00000000000000e+00	0.00000000000000e+00	0.00000000000000e+00	6.28191349867345e+00	8.17170417157687e+00	5.13339387425949e+01	8.17170417157687e+00	1
142	172	152	162	0.00000000000000e+00	1.00000000000000e+00	0.00000000000000e+00	0.00000000000000e+00	6.28193787847902e+00	8.18580026138152e+00	5.14226887276361e+01	8.18580026138152e+00	1
143	173	153	163	0.00000000000000e+00	1.00000000000000e+00	0.00000000000000e+00	0.00000000000000e+00	6.28196163865994e+00	8.20757938417913e+00	5.15596988376695e+01	8.20757938417913e+00	1
144	174	154	164	0.00000000000000e+00	1.00000000000000e+00	0.00000000000000e+00	0.00000000000000e+00	6.28198479879070e+00	8.22096550880032e+00	5.16439803576663e+01	8.22096550880032e+00	1
145	175	155	165	0.00000000000000e+00	1.00000000000000e+00	0.00000000000000e+00	0.00000000000000e+00	6.28200737770794e+00	8.24331329500219e+00	5.17845549359617e+01	8.24331329500219e+00	1
146	176	156	166	0.00000000000000e+00	1.00000000000000e+00	0.00000000000000e+00	0.00000000000000e+00	6.28202939354269e+00	8.23464898743850e+00	5.17303069845952e+01	8.23464898743850e+00	1
147	177	157	167	0.00000000000000e+00	1.00000000000000e+00	0.00000000000000e+00	0.00000000000000e+00	6.28205086375097e+00	8.22426260000067e+00	5.16652359700490e+01	8.22426260000067e+00	1
148	178	158	168	0.00000000000000e+00	1.00000000000000e+00	0.00000000000000e+00	0.00000000000000e+00	6.28207180514305e+00	8.23653521237081e+00	5.17425056297026e+01	8.23653521237081e+00	1
149	179	159	169	0.00000000000000e+00	1.00000000000000e+00	0.00000000000000e+00	0.00000000000000e+00	6.28209223391108e+00	8.20469079888723e+00	5.15426243493312e+01	8.20469079888723e+00	1
150	180	160	170	0.00000000000000e+00	1.00000000000000e+00	0.00000000000000e+00	0.00000000000000e+00	6.28211216565554e+00	8.15350737099290e+00	5.12212478480766e+01	8.15350737099290e+00	1
151	181	161	171	0.00000000000000e+00	1.00000000000000e+00	0.00000000000000e+00	0.00000000000000e+00	6.28213161541026e+00	8.14676709578343e+00	5.11790631358052e+01	8.14676709578343e+00	1
152	182	162	172	0.00000000000000e+00	1.00000000000000e+00	0.00000000000000e+00	0.00000000000000e+00	6.28215059766632e+00	8.18793548365301e+00	5.14378437922841e+01	8.18793548365301e+00	1
153	183	163	173	0.00000000000000e+00	1.00000000000000e+00	0.00000000000000e+00	0.00000000000000e+00	6.28216912639480e+00	8.23544403576248e+00	5.17364522636193e+01	8.23544403576248e+00	1
154	184	164	174	0.00000000000000e+00	1.00000000000000e+00	0.00000000000000e+00	0.00000000000000e+00	6.28218721506846e+00	8.27487493405692e+00	5.19843135170229e+01	8.27487493405692e+00	1
155	185	165	175	0.00000000000000e+00	1.00000000000000e+00	0.00000000000000e+00	0.00000000000000e+00	6.28220487668227e+00	8.32873555718299e+00	5.23228231339320e+01	8.32873555718299e+00	1
156	186	166	176	0.00000000000000e+00	1.00000000000000e+00	0.00000000000000e+00	0.00000000000000e+00	6.28222212377316e+00	8.33815379366768e+00	5.23821342340022e+01	8.33815379366768e+00	1
157	187	167	177	0.00000000000000e+00	1.00000000000000e+00	0.00000000000000e+00	0.00000000000000e+00	6.28223896843877e+00	8.33439074558404e+00	5.23586343201035e+01	8.33439074558404e+00	1
158	188	168	178	0.00000000000000e+00	1.00000000000000e+00	0.00000000000000e+00	0.00000000000000e+00	6.28225542235522e+00	8.37431210896051e+00	5.26095676550122e+01	8.37431210896051e+00	1
159	189	169	179	0.00000000000000e+00	1.00000000000000e+00	0.00000000000000e+00	0.00000000000000e+00	6.28227149679427e+00	8.38385228585886e+00	5.26696362487846e+01	8.38385228585886e+00	1
160	190	170	180	0.00000000000000e+00	1.00000000000000e+00	0.00000000000000e+00	0.00000000000000e+00	6.28228720263946e+00	8.37133231213139e+00	5.25911138535453e+01	8.37133231213139e+00	1
161	191	171	181	0.00000000000000e+00	1.00000000000000e+00	0.00000000000000e+00	0.00000000000000e+00	6.28230255040170e+00	8.38727477177529e+00	5.26913976896437e+01	8.38727477177529e+00	1
162	192	172	182	0.00000000000000e+00	1.00000000000000e+00	0.00000000000000e+00	0.00000000000000e+00	6.28231755023407e+00	8.46121799976764e+00	5.31560583362967e+01	8.46121799976764e+00	1
163	193	173	183	0.00000000000000e+00	1.00000000000000e+00	0.00000000000000e+00	0.00000000000000e+00	6.28233221194598e+00	8.52935793542815e+00	5.35842601049573e+01	8.52935793542815e+00	1
164	194	174	184	0.00000000000000e+00	1.00000000000000e+00	0.00000000000000e+00	0.00000000000000e+00	6.28234654501655e+00	8.57098220548706e+00	5.38458804460399e+01	8.57098220548706e+00	1
165	195	175	185	0.00000000000000e+00	1.00000000000000e+00	0.00000000000000e+00	0.00000000000000e+00	6.28236055860772e+00	8.63418292238198e+00	5.42430502473769e+01	8.63418292238198e+00	1
166	196	176	186	0.00000000000000e+00	1.00000000000000e+00	0.00000000000000e+00	0.00000000000000e+00	6.28237426157641e+00	8.68318039773398e+00	5.45509890393487e+01	8.68318039773398e+00	1
167	197	177	187	0.00000000000000e+00	1.00000000000000e+00	0.00000000000000e+00	0.00000000000000e+00	6.28238766248636e+00	8.76342770020527e+00	5.50552500648608e+01	8.76342770020527e+00	1
168	198	178	188	0.00000000000000e+00	1.00000000000000e+00	0.00000000000000e+00	0.00000000000000e+00	6.28240076961942e+00	8.90001207334300e+00	5.59134426991922e+01	8.90001207334300e+00	1
169	199	179	189	0.00000000000000e+00	1.00000000000000e+00	0.00000000000000e+00	0.00000000000000e+00	6.28241359098624e+00	9.03858962565540e+00	5.67841583075647e+01	9.03858962565540e+00	1
170	200	180	190	0.00000000000000e+00	1.00000000000000e+00	0.00000000000000e+00	0.00000000000000e+00	6.28242613433673e+00	9.20106745976038e+00	5.78050266729939e+01	9.20106745976038e+00	1
171	201	181	191	0.00000000000000e+00	1.00000000000000e+00	0.00000000000000e+00	0.00000000000000e+00	6.28243840716974e+00	9.48407079955000e+00	5.95830906474099e+01	9.48407079955000e+00	1
172	202	182	192	0.00000000000000e+00	1.00000000000000e+00	0.00000000000000e+00	0.00000000000000e+00	6.28245041674262e+00	9.83025303757485e+00	6.17580772925975e+01	9.83025303757485e+00	1
173	203	183	193	0.00000000000000e+00	1.00000000000000e+00	0.00000000000000e+00	0.00000000000000e+00	6.28246217008020e+00	1.01187797760620e+01	6.35708511504818e+01	1.01187797760620e+01	1
174	204	184	194	0.00000000000000e+00	1.00000000000000e+00	0.00000000000000e+00	0.00000000000000e+00	6.28247367398349e+00	1.03724125718344e+01	6.51644089182452e+01	1.03724125718344e+01	1
175	205	185	195	0.00000000000000e+00	1.00000000000000e+00	0.00000000000000e+00	0.00000000000000e+00	6.28248493503785e+00	1.06413969939883e+01	6.68544163024885e+01	1.06413969939883e+01	1
176	206	186	196	0.00000000000000e+00	1.00000000000000e+00	0.00000000000000e+00	0.00000000000000e+00	6.28249595962107e+00	1.09013567314772e+01	6.84877296198932e+01	1.09013567314772e+01	1
177	207	187	197	0.00000000000000e+00	1.00000000000000e+00	0.00000000000000e+00	0.00000000000000e+00	6.28250675391086e+00	1.11877518647935e+01	7.02871266516438e+01	1.11877518647935e+01	1
178	208	188	198	0.00000000000000e+00	1.00000000000000e+00	0.00000000000000e+00	0.00000000000000e+00	6.28251732389217e+00	1.14334499139583e+01	7.18308471562967e+01	1.14334499139583e+01	1
179	209	189	199	0.00000000000000e+00	1.00000000000000e+00	0.00000000000000e+00	0.00000000000000e+00	6.28252767536424e+00	1.17093624926396e+01	7.35643939208806e+01	1.17093624926396e+01	1
180	210	190	200	0.00000000000000e+00	1.00000000000000e+00	0.00000000000000e+00	0.00000000000000e+00	6.28253781394716e+00	1.21038682168388e+01	7.60430097673230e+01	1.21038682168388e+01	1
181	211	191	201	0.00000000000000e+00	1.00000000000000e+00	0.00000000000000e+00	0.00000000000000e+00	6.28254774508840e+00	1.26513866733117e+01	7.94829408166559e+01	1.26513866733117e+01	1
182	212	192	202	0.00000000000000e+00	1.00000000000000e+00	0.00000000000000e+00	0.00000000000000e+00	6.28255747406893e+00	1.33722422550276e+01	8.40118805243842e+01	1.33722422550276e+01	1
183	213	193	203	0.00000000000000e+00	1.00000000000000e+00	0.00000000000000e+00	0.00000000000000e+00	6.28256700600916e+00	1.42248316846762e+01	8.93684582081804e+01	1.42248316846762e+01	1
184	214	194	204	0.00000000000000e+00	1.00000000000000e+00	0.00000000000000e+00	0.00000000000000e+00	6.28257634587451e+00	1.50968318831292e+01	9.48469988865914e+01	1.50968318831292e+01	1
185	215	195	205	0.00000000000000e+00	1.00000000000000e+00	0.00000000000000e+00	0.00000000000000e+00	6.28258549848104e+00	1.57890635214731e+01	9.91961415146030e+01	1.57890635214731e+01	1
186	216	196	206	0.00000000000000e+00	1.00000000000000e+00	0.00000000000000e+00	0.00000000000000e+00	6.28259446850048e+00	1.62675777874466e+01	1.02202594223313e+02	1.62675777874466e+01	1
187	217	197	207	0.00000000000000e+00	1.00000000000000e+00	0.00000000000000e+00	0.00000000000000e+00	6.28260326046535e+00	1.64822009957695e+01	1.03551129715667e+02	1.64822009957695e+01	1
188	218	198	208	0.00000000000000e+00	1.00000000000000e+00	0.00000000000000e+00	0.00000000000000e+00	6.28261187877380e+00	1.65183967373112e+01	1.03778675560129e+02	1.65183967373112e+01	1
189	219	199	209	0.00000000000000e+00	1.00000000000000e+00	0.00000000000000e+00	0.00000000000000e+00	6.28262032769410e+00	1.67102797785054e+01	1.04984343417894e+02	1.67102797785054e+01	1
190	220	200	210	0.00000000000000e+00	1.00000000000000e+00	0.00000000000000e+00	0.00000000000000e+00	6.28262861136931e+00	1.72096196015114e+01	1.08121648499238e+02	1.72096196015114e+01	1
191	221	201	211	0.00000000000000e+00	1.00000000000000e+00	0.00000000000000e+00	0.00000000000000e+00	6.28263673382136e+00	1.77752144491322e+01	1.11675215249670e+02	1.77752144491322e+01	1
192	222	202	212	0.00000000000000e+00	1.00000000000000e+00	0.00000000000000e+00	0.00000000000000e+00	6.28264469895525e+00	1.80798318823876e+01	1.13589159933885e+02	1.80798318823876e+01	1
193	223	203	213	0.00000000000000e+00	1.00000000000000e+00	0.00000000000000e+00	0.00000000000000e+00	6.28265251056297e+00	1.82122509164409e+01	1.14421243943180e+02	1.82122509164409e+01	1
194	224	204	214	0.00000000000000e+00	1.00000000000000e+00	0.00000000000000e+00	0.00000000000000e+00	6.28266017232732e+00	1.81993966049912e+01	1.14340624210567e+02	1.81993966049912e+01	1
195	225	205	215	0.00000000000000e+00	1.00000000000000e+00	0.00000000000000e+00	0.00000000000000e+00	6.28266768782554e+00	1.81510886673894e+01	1.14037258269464e+02	1.81510886673894e+01	1
196	226	206	216	0.00000000000000e+00	1.00000000000000e+00	0.00000000000000e+00	0.00000000000000e+00	6.28267506053284e+00	1.81127381060580e+01	1.13796447976894e+02	1.81127381060580e+01	1
197	227	207	217	0.00000000000000e+00	1.00000000000000e+00	0.00000000000000e+00	0.00000000000000e+00	6.28268229382579e+00	1.79952599650842e+01	1.13058501155427e+02	1.79952599650842e+01	1
198	228	208	218	0.00000000000000e+00	1.00000000000000e+00	0.00000000000000e+00	0.00000000000000e+00	6.28268939098552e+00	1.80155804102169e+01	1.13186295915716e+02	1.80155804102169e+01	1
199	229	209	219	0.00000000000000e+00	1.00000000000000e+00	0.00000000000000e+00	0.00000000000000e+00	6.28269635520094e+00	1.83983986498651e+01	1.15591552139041e+02	1.83983986498651e+01	1
200	230	210	220	0.00000000000000e+00	1.00000000000000e+00	0.00000000000000e+00	0.00000000000000e+00	6.28270318957168e+00	1.89617548259314e+01	1.19131077524755e+02	1.89617548259314e+01	1
201	231	211	221	0.00000000000000e+00	1.00000000000000e+00	0.00000000000000e+00	0.00000000000000e+00	6.28270989711100e+00	1.93718361452340e+01	1.21707626674874e+02	1.93718361452340e+01	1
202	232	212	222	0.00000000000000e+00	1.00000000000000e+00	0.00000000000000e+00	0.00000000000000e+00	6.28271648074863e+00	1.96201054356547e+01	1.23267559774614e+02	1.96201054356547e+01	1
203	233	213	223	0.00000000000000e+00	1.00000000000000e+00	0.00000000000000e+00	0.00000000000000e+00	6.28272294333342e+00	1.99428081989881e+01	1.25295138626281e+02	1.99428081989881e+01	1
204	234	214	224	0.00000000000000e+00	1.00000000000000e+00	0.00000000000000e+00	0.00000000000000e+00	6.28272928763594e+00	2.03898775725960e+01	1.28104080996660e+02	2.03898775725960e+01	1
205	235	215	225	0.00000000000000e+00	1.00000000000000e+00	0.00000000000000e+00	0.00000000000000e+00	6.28273551635100e+00	2.07843713859132e+01	1.30582708291306e+02	2.07843713859132e+01	1
206	236	216	226	0.00000000000000e+00	1.00000000000000e+00	0.00000000000000e+00	0.00000000000000e+00	6.28274163210004e+00	2.08913125047356e+01	1.31254718822715e+02	2.08913125047356e+01	1
207	237	217	227	0.00000000000000e+00	1.00000000000000e+00	0.00000000000000e+00	0.00000000000000e+00	6.28274763743344e+00	2.06488751753591e+01	1.29731671723646e+02	2.06488751753591e+01	1
208	238	218	228	0.00000000000000e+00	1.00000000000000e+00	0.00000000000000e+00	0.00000000000000e+00	6.28275353483278e+00	2.03561945446094e+01	1.27892953230888e+02	2.03561945446094e+01	1
209	239	219	229	0.00000000000000e+00	1.00000000000000e+00	0.00000000000000e+00	0.00000000000000e+00	6.28275932671299e+00	2.03200727326653e+01	1.27666126480639e+02	2.03200727326653e+01	1
210	240	220	230	0.00000000000000e+00	1.00000000000000e+00	0.00000000000000e+00	0.00000000000000e+00	6.28276501542443e+00	2.05389348949341e+01	1.29041301611972e+02	2.05389348949341e+01	1
211	241	221	231	0.00000000000000e+00	1.00000000000000e+00	0.00000000000000e+00	0.00000000000000e+00	6.28277060325487e+00	2.09436052572250e+01	1.31583867436268e+02	2.09436052572250e+01	1
212	242	222	232	0.00000000000000e+00	1.00000000000000e+00	0.00000000000000e+00	0.00000000000000e+00	6.28277609243148e+00	2.13105897239843e+01	1.33889663633464e+02	2.13105897239843e+01	1
213	243	223	233	0.00000000000000e+00	1.00000000000000e+00	0.00000000000000e+00	0.00000000000000e+00	6.28278148512264e+00	2.15289428417911e+01	1.35261643480669e+02	2.15289428417911e+01	1
214	244	224	234	0.00000000000000e+00	1.00000000000000e+00	0.00000000000000e+00	0.00000000000000e+00	6.28278678343979e+00	2.15205459836552e+01	1.35209001878517e+02	2.15205459836552e+01	1
215	245	225	235	0.00000000000000e+00	1.00000000000000e+00	0.00000000000000e+00	0.00000000000000e+00	6.28279198943914e+00	2.13840802263015e+01	1.34351727947331e+02	2.13840802263015e+01	1
216	246	226	236	0.00000000000000e+00	1.00000000000000e+00	0.00000000000000e+00	0.00000000000000e+00	6.28279710512334e+00	2.13344148668182e+01	1.34039799964746e+02	2.13344148668182e+01	1
217	247	227	237	0.00000000000000e+00	1.00000000000000e+00	0.00000000000000e+00	0.00000000000000e+00	6.28280213244313e+00	2.14609833977618e+01	1.34835112255784e+02	2.14609833977618e+01	1
218	248	228	238	0.00000000000000e+00	1.00000000000000e+00	0.00000000000000e+00	0.00000000000000e+00	6.28280707329887e+00	2.18358828215173e+01	1.37190639042754e+02	2.18358828215173e+01	1
219	249	229	239	0.00000000000000e+00	1.00000000000000e+00	0.00000000000000e+00	0.00000000000000e+00	6.28281192954211e+00	2.23985371700756e+01	1.40725796536443e+02	2.23985371700756e+01	1
220	250	230	240	0.00000000000000e+00	1.00000000000000e+00	0.00000000000000e+00	0.00000000000000e+00	6.28281670297697e+00	2.29487915485350e+01	1.44183050854273e+02	2.29487915485350e+01	1
221	251	231	241	0.00000000000000e+00	1.00000000000000e+00	0.00000000000000e+00	0.00000000000000e+00	6.28282139536161e+00	2.31565685074197e+01	1.45488584061574e+02	2.31565685074197e+01	1
222	252	232	242	0.00000000000000e+00	1.00000000000000e+00	0.00000000000000e+00	0.00000000000000e+00	6.28282600840955e+00	2.29734099848323e+01	1.44337937754560e+02	2.29734099848323e+01	1
223	253	233	243	0.00000000000000e+00	1.00000000000000e+00	0.00000000000000e+00	0.00000000000000e+00	6.28283054379102e+00	2.27539368526596e+01	1.42959129449382e+02	2.27539368526596e+01	1
224	254	234	244	0.00000000000000e+00	1.00000000000000e+00	0.00000000000000e+00	0.00000000000000e+00	6.28283500313424e+00	2.26050691535656e+01	1.42023919726292e+02	2.26050691535656e+01	1
225	255	235	245	0.00000000000000e+00	1.00000000000000e+00	0.00000000000000e+00	0.00000000000000e+00	6.28283938802659e+00	2.24714901770843e+01	1.41184763592238e+02	2.24714901770843e+01	1
226	256	236	246	0.00000000000000e+00	1.00000000000000e+00	0.00000000000000e+00	0.00000000000000e+00	6.28284370001585e+00	2.22725187003388e+01	1.39934753799909e+02	2.22725187003388e+01	1
227	257	237	247	0.00000000000000e+00	1.00000000000000e+00	0.00000000000000e+00	0.00000000000000e+00	6.28284794061134e+00	2.20518691561254e+01	1.38548540714193e+02	2.20518691561254e+01	1
228	258	238	248	0.00000000000000e+00	1.00000000000000e+00	0.00000000000000e+00	0.00000000000000e+00	6.28285211128504e+00	2.19224007586249e+01	1.37735201890763e+02	2.19224007586249e+01	1
229	259	239	249	0.00000000000000e+00	1.00000000000000e+00	0.00000000000000e+00	0.00000000000000e+00	6.28285621347261e+00	2.18242515274428e+01	1.37118634313583e+02	2.18242515274428e+01	1
230	260	240	250	0.00000000000000e+00	1.00000000000000e+00	0.00000000000000e+00	0.00000000000000e+00	6.28286024857451e+00	2.17522749982785e+01	1.36666503902745e+02	2.17522749982785e+01	1
231	261	241	251	0.00000000000000e+00	1.00000000000000e+00	0.00000000000000e+00	0.00000000000000e+00	6.28286421795693e+00	2.17343732829332e+01	1.36554116199060e+02	2.17343732829332e+01	1
232	262	242	252	0.00000000000000e+00	1.00000000000000e+00	0.00000000000000e+00	0.00000000000000e+00	6.28286812295284e+00	2.17772036570688e+01	1.36823298664049e+02	2.17772036570688e+01	1
233	263	243	253	0.00000000000000e+00	1.00000000000000e+00	0.00000000000000e+00	0.00000000000000e+00	6.28287196486285e+00	2.18512292160833e+01	1.37288475439522e+02	2.18512292160833e+01	1
234	264	244	254	0.00000000000000e+00	1.00000000000000e+00	0.00000000000000e+00	0.00000000000000e+00	6.28287574495618e+00	2.18713748663351e+01	1.37415130656541e+02	2.18713748663351e+01	1
235	265	245	255	0.00000000000000e+00	1.00000000000000e+00	0.00000000000000e+00	0.00000000000000e+00	6.28287946447152e+00	2.18875939253385e+01	1.37517114400201e+02	2.18875939253385e+01	1
236	266	246	256	0.00000000000000e+00	1.00000000000000e+00	0.00000000000000e+00	0.00000000000000e+00	6.28288312461788e+00	2.19219447533890e+01	1.37733016749873e+02	2.19219447533890e+01	1
237	267	247	257	0.00000000000000e+00	1.00000000000000e+00	0.00000000000000e+00	0.00000000000000e+00	6.28288672657542e+00	2.21026115045719e+01	1.38868204444728e+02	2.21026115045719e+01	1
238	268	248	258	0.00000000000000e+00	1.00000000000000e+00	0.00000000000000e+00	0.00000000000000e+00	6.28289027149625e+00	2.24576662811799e+01	1.41099052998535e+02	2.24576662811799e+01	1
239	269	249	259	0.00000000000000e+00	1.00000000000000e+00	0.00000000000000e+00	0.00000000000000e+00	6.28289376050522e+00	2.28286547694345e+01	1.43430012611608e+02	2.28286547694345e+01	1
240	270	250	260	0.00000000000000e+00	1.00000000000000e+00	0.00000000000000e+00	0.00000000000000e+00	6.28289719470065e+00	2.31415704871070e+01	1.45396108294412e+02	2.31415704871070e+01	1
241	271	251	261	0.00000000000000e+00	1.00000000000000e+00	0.00000000000000e+00	0.00000000000000e+00	6.28290057515506e+00	2.33376508402804e+01	1.46628139887166e+02	2.33376508402804e+01	1
242	272	252	262	0.00000000000000e+00	1.00000000000000e+00	0.00000000000000e+00	0.00000000000000e+00	6.28290390291588e+00	2.33973523106943e+01	1.47003316150759e+02	2.33973523106943e+01	1
243	273	253	263	0.00000000000000e+00	1.00000000000000e+00	0.00000000000000e+00	0.00000000000000e+00	6.28290717900613e+00	2.33084073556870e+01	1.46444559906245e+02	2.33084073556870e+01	1
244	274	254	264	0.00000000000000e+00	1.00000000000000e+00	0.00000000000000e+00	0.00000000000000e+00	6.28291040442508e+00	2.30170279401436e+01	1.44613924324071e+02	2.30170279401436e+01	1
245	275	255	265	0.00000000000000e+00	1.00000000000000e+00	0.00000000000000e+00	0.00000000000000e+00	6.28291358014890e+00	2.26495358878181e+01	1.42305076613642e+02	2.26495358878181e+01	1
246	276	256	266	0.00000000000000e+00	1.00000000000000e+00	0.00000000000000e+00	0.00000000000000e+00	6.28291670713127e+00	2.24711733660153e+01	1.41184510570181e+02	2.24711733660153e+01	1
247	277	257	267	0.00000000000000e+00	1.00000000000000e+00	0.00000000000000e+00	0.00000000000000e+00	6.28291978630398e+00	2.25657103636691e+01	1.41778548135902e+02	2.25657103636691e+01	1
248	278	258	268	0.00000000000000e+00	1.00000000000000e+00	0.00000000000000e+00	0.00000000000000e+00	6.28292281857754e+00	2.27297890229658e+01	1.42809510113845e+02	2.27297890229658e+01	1
249	279	259	269	0.00000000000000e+00	1.00000000000000e+00	0.00000000000000e+00	0.00000000000000e+00	6.28292580484169e+00	2.28293929078499e+01	1.43435381809600e+02	2.28293929078499e+01	1
250	280	260	270	0.00000000000000e+00	1.00000000000000e+00	0.00000000000000e+00	0.00000000000000e+00	6.28292874596602e+00	2.28610614330652e+01	1.43634420041101e+02	2.28610614330652e+01	1
251	281	261	271	0.00000000000000e+00	1.00000000000000e+00	0.00000000000000e+00	0.00000000000000e+00	6.28293164280045e+00	2.28092895090608e+01	1.43309206806274e+02	2.28092895090608e+01	1
252	282	262	272	0.00000000000000e+00	1.00000000000000e+00	0.00000000000000e+00	0.00000000000000e+00	6.28293449617576e+00	2.26646933945590e+01	1.42400783973921e+02	2.26646933945590e+01	1
253	283	263	273	0.00000000000000e+00	1.00000000000000e+00	0.00000000000000e+00	0.00000000000000e+00	6.28293730690412e+00	2.24462913239749e+01	1.41028641161040e+02	2.24462913239749e+01	1
254	284	264	274	0.00000000000000e+00	1.00000000000000e+00	0.00000000000000e+00	0.00000000000000e+00	6.28294007577951e+00	2.23400082314802e+01	1.40360933010811e+02	2.23400082314802e+01	1
255	285	265	275	0.00000000000000e+00	1.00000000000000e+00	0.00000000000000e+00	0.00000000000000e+00	6.28294280357827e+00	2.25447437151965e+01	1.41647335283910e+02	2.25447437151965e+01	1
256	286	266	276	0.00000000000000e+00	1.00000000000000e+00	0.00000000000000e+00	0.00000000000000e+00	6.28294549105949e+00	2.29870652637968e+01	1.44426478051862e+02	2.29870652637968e+01	1
257	287	267	277	0.00000000000000e+00	1.00000000000000e+00	0.00000000000000e+00	0.00000000000000e+00	6.28294813896551e+00	2.33751423786832e+01	1.46864807306201e+02	2.33751423786832e+01	1
258	288	268	278	0.00000000000000e+00	1.00000000000000e+00	0.00000000000000e+00	0.00000000000000e+00	6.28295074802230e+00	2.35685573509799e+01	1.48080085038146e+02	2.35685573509799e+01	1
259	289	269	279	0.00000000000000e+00	1.00000000000000e+00	0.00000000000000e+00	0.00000000000000e+00	6.28295331893992e+00	2.36503412797025e+01	1.48593990237369e+02	2.36503412797025e+01	1
260	290	270	280	0.00000000000000e+00	1.00000000000000e+00	0.00000000000000e+00	0.00000000000000e+00	6.28295585241290e+00	2.36765738065231e+01	1.48758867962780e+02	2.36765738065231e+01	1
261	291	271	281	0.00000000000000e+00	1.00000000000000e+00	0.00000000000000e+00	0.00000000000000e+00	6.28295834912065e+00	2.36728118054839e+01	1.48735290580427e+02	2.36728118054839e+01	1
262	292	272	282	0.00000000000000e+00	1.00000000000000e+00	0.00000000000000e+00	0.00000000000000e+00	6.28296080972785e+00	2.36732684740623e+01	1.48738218060699e+02	2.36732684740623e+01	1
263	293	273	283	0.00000000000000e+00	1.00000000000000e+00	0.00000000000000e+00	0.00000000000000e+00	6.28296323488477e+00	2.36886419688702e+01	1.48834866574760e+02	2.36886419688702e+01	1
264	294	274	284	0.00000000000000e+00	1.00000000000000e+00	0.00000000000000e+00	0.00000000000000e+00	6.28296562522772e+00	2.37815967406268e+01	1.49418954834386e+02	2.37815967406268e+01	1
265	295	275	285	0.00000000000000e+00	1.00000000000000e+00	0.00000000000000e+00	0.00000000000000e+00	6.28296798137930e+00	2.39841543459766e+01	1.50691673816230e+02	2.39841543459766e+01	1
266	296	276	286	0.00000000000000e+00	1.00000000000000e+00	0.00000000000000e+00	0.00000000000000e+00	6.28297030394884e+00	2.42778039876997e+01	1.52536721499808e+02	2.42778039876997e+01	1
267	297	277	287	0.00000000000000e+00	1.00000000000000e+00	0.00000000000000e+00	0.00000000000000e+00	6.28297259353265e+00	2.46645389510339e+01	1.54966622261465e+02	2.46645389510339e+01	1
268	298	278	288	0.00000000000000e+00	1.00000000000000e+00	0.00000000000000e+00	0.00000000000000e+00	6.28297485071439e+00	2.52692180694030e+01	1.58765861627276e+02	2.52692180694030e+01	1
269	299	279	289	0.00000000000000e+00	1.00000000000000e+00	0.00000000000000e+00	0.00000000000000e+00	6.28297707606536e+00	2.60515923768968e+01	1.63681557699042e+02	2.60515923768968e+01	1
270	300	280	290	0.00000000000000e+00	1.00000000000000e+00	0.00000000000000e+00	0.00000000000000e+00	6.28297927014482e+00	2.69422123294704e+01	1.69277361557903e+02	2.69422123294704e+01	1
271	301	281	291	0.00000000000000e+00	1.00000000000000e+00	0.00000000000000e+00	0.00000000000000e+00	6.28298143350028e+00	2.87958011485718e+01	1.80923483979243e+02	2.87958011485718e+01	1
1	121	41	81	0.00000000000000e+00	1.00000000000000e+00	0.00000000000000e+00	0.00000000000000e+00	1.73329249853230e+01	7.12290766077252e+00	1.23460824161553e+02	7.12290766077252e+00	1
2	122	42	82	0.00000000000000e+00	1.00000000000000e+00	0.00000000000000e+00	0.00000000000000e+00	1.77530942490195e+01	6.91819202873751e+00	1.22819315118992e+02	6.91819202873751e+00	1
3	123	43	83	0.00000000000000e+00	1.00000000000000e+00	0.00000000000000e+00	0.00000000000000e+00	1.81453822840191e+01	6.74669942680767e+00	1.22421440254798e+02	6.74669942680767e+00	1
4	124	44	84	0.00000000000000e+00	1.00000000000000e+00	0.00000000000000e+00	0.00000000000000e+00	1.85118101639953e+01	6.58811008994899e+00	1.21957843324638e+02	6.58811008994899e+00	1
5	125	45	85	0.00000000000000e+00	1.00000000000000e+00	0.00000000000000e+00	0.00000000000000e+00	1.88542647788761e+01	6.44053110994173e+00	1.21431478863430e+02	6.44053110994173e+00	1
6	126	46	86	0.00000000000000e+00	1.00000000000000e+00	0.00000000000000e+00	0.00000000000000e+00	1.91745019632122e+01	6.29807885968348e+00	1.20762525459466e+02	6.29807885968348e+00	1
7	127	47	87	0.00000000000000e+00	1.00000000000000e+00	0.00000000000000e+00	0.00000000000000e+00	1.94741513573300e+01	6.15540433849713e+00	1.19871275753459e+02	6.15540433849713e+00	1
8	128	48	88	0.00000000000000e+00	1.00000000000000e+00	0.00000000000000e+00	0.00000000000000e+00	1.97547223950448e+01	6.02606590870379e+00	1.19043259160687e+02	6.02606590870379e+00	1
9	129	49	89	0.00000000000000e+00	1.00000000000000e+00	0.00000000000000e+00	0.00000000000000e+00	2.00176109623620e+01	5.91303608650863e+00	1.18364855986137e+02	5.91303608650863e+00	1
10	130	50	90	0.00000000000000e+00	1.00000000000000e+00	0.00000000000000e+00	0.00000000000000e+00	2.02641063895828e+01	5.81488598514346e+00	1.17833468246241e+02	5.81488598514346e+00	1
11	131	51	91	0.00000000000000e+00	1.00000000000000e+00	0.00000000000000e+00	0.00000000000000e+00	2.04953985308329e+01	5.73480986841612e+00	1.17537213751742e+02	5.73480986841612e+00	1
12	132	52	92	0.00000000000000e+00	1.00000000000000e+00	0.00000000000000e+00	0.00000000000000e+00	2.07125847555329e+01	5.66638866374779e+00	1.17365555455667e+02	5.66638866374779e+00	1
13	133	53	93	0.00000000000000e+00	1.00000000000000e+00	0.00000000000000e+00	0.00000000000000e+00	2.09166767301387e+01	5.59504901825573e+00	1.17029831604135e+02	5.59504901825573e+00	1
14	134	54	94	0.00000000000000e+00	1.00000000000000e+00	0.00000000000000e+00	0.00000000000000e+00	2.11086069091672e+01	5.52684854507555e+00	1.16664073384502e+02	5.52684854507555e+00	1
15	135	55	95	0.00000000000000e+00	1.00000000000000e+00	0.00000000000000e+00	0.00000000000000e+00	2.12892346849898e+01	5.46488713102623e+00	1.16343264659398e+02	5.46488713102623e+00	1
16	136	56	96	0.00000000000000e+00	1.00000000000000e+00	0.00000000000000e+00	0.00000000000000e+00	2.14593521684170e+01	5.40444950589980e+00	1.15975985223531e+02	5.40444950589980e+00	1
17	137	57	97	0.00000000000000e+00	1.00000000000000e+00	0.00000000000000e+00	0.00000000000000e+00	2.16196895885438e+01	5.34827475712219e+00	1.15628040083226e+02	5.34827475712219e+00	1
18	138	58	98	0.00000000000000e+00	1.00000000000000e+00	0.00000000000000e+00	0.00000000000000e+00	2.17709203121143e+01	5.28831306036340e+00	1.15131442222685e+02	5.28831306036340e+00	1
19	139	59	99	0.00000000000000e+00	1.00000000000000e+00	0.00000000000000e+00	0.00000000000000e+00	2.19136654909030e+01	5.22942379076839e+00	1.14595843661069e+02	5.22942379076839e+00	1
20	140	60	100	0.00000000000000e+00	1.00000000000000e+00	0.00000000000000e+00	0.00000000000000e+00	2.20484983511900e+01	5.17782036801062e+00	1.14163163846840e+02	5.17782036801062e+00	1
21	141	61	101	0.00000000000000e+00	1.00000000000000e+00	0.00000000000000e+00	0.00000000000000e+00	2.21759481429868e+01	5.12076569150556e+00	1.13557834427213e+02	5.12076569150556e+00	1
22	142	62	102	0.00000000000000e+00	1.00000000000000e+00	0.00000000000000e+00	0.00000000000000e+00	2.22965037687727e+01	5.05886586363623e+00	1.12795021794281e+02	5.05886586363623e+00	1
23	143	63	103	0.00000000000000e+00	1.00000000000000e+00	0.00000000000000e+00	0.00000000000000e+00	2.24106171125271e+01	5.00655026825487e+00	1.12199881116480e+02	5.00655026825487e+00	1
24	144	64	104	0.00000000000000e+00	1.00000000000000e+00	0.00000000000000e+00	0.00000000000000e+00	2.25187060900922e+01	4.95669026532951e+00	1.11618251264577e+02	4.95669026532951e+00	1
25	145	65	105	0.00000000000000e+00	1.00000000000000e+00	0.00000000000000e+00	0.00000000000000e+00	2.26211574416016e+01	4.90367700255596e+00	1.10926849517580e+02	4.90367700255596e+00	1
26	146	66	106	0.00000000000000e+00	1.00000000000000e+00	0.00000000000000e+00	0.00000000000000e+00	2.27183292860363e+01	4.85501608076882e+00	1.10297854011907e+02	4.85501608076882e+00	1
27	147	67	107	0.00000000000000e+00	1.00000000000000e+00	0.00000000000000e+00	0.00000000000000e+00	2.28105534570528e+01	4.80363590329636e+00	1.09573593560360e+02	4.80363590329636e+00	1
28	148	68	108	0.00000000000000e+00	1.00000000000000e+00	0.00000000000000e+00	0.00000000000000e+00	2.28981376381591e+01	4.75504791934265e+00	1.08881741733150e+02	4.75504791934265e+00	1
29	149	69	109	0.00000000000000e+00	1.00000000000000e+00	0.00000000000000e+00	0.00000000000000e+00	2.29813673141639e+01	4.70689458758288e+00	1.08170873426292e+02	4.70689458758288e+00	1
30	150	70	110	0.00000000000000e+00	1.00000000000000e+00	0.00000000000000e+00	0.00000000000000e+00	2.30605075546512e+01	4.65678995029259e+00	1.07387939829146e+02	4.65678995029259e+00	1
31	151	71	111	0.00000000000000e+00	1.00000000000000e+00	0.00000000000000e+00	0.00000000000000e+00	2.31358046440565e+01	4.61265318713702e+00	1.06717443028387e+02	4.61265318713702e+00	1
32	152	72	112	0.00000000000000e+00	1.00000000000000e+00	0.00000000000000e+00	0.00000000000000e+00	2.32074875717861e+01	4.56907297160706e+00	1.06036704203155e+02	4.56907297160706e+00	1
33	153	73	113	0.00000000000000e+00	1.00000000000000e+00	0.00000000000000e+00	0.00000000000000e+00	2.32757693947237e+01	4.52921643840687e+00	1.05420997359150e+02	4.52921643840687e+00	1
34	154	74	114	0.00000000000000e+00	1.00000000000000e+00	0.00000000000000e+00	0.00000000000000e+00	2.33408484834411e+01	4.49155244177440e+00	1.04836644998886e+02	4.49155244177440e+00	1
35	155	75	115	0.00000000000000e+00	1.00000000000000e+00	0.00000000000000e+00	0.00000000000000e+00	2.34029096624540e+01	4.45142646185371e+00	1.04176331355820e+02	4.45142646185371e+00	1
36	156	76	116	0.00000000000000e+00	1.00000000000000e+00	0.00000000000000e+00	0.00000000000000e+00	2.34621252539666e+01	4.41390400952196e+00	1.03559568730390e+02	4.41390400952196e+00	1
37	157	77	117	0.00000000000000e+00	1.00000000000000e+00	0.00000000000000e+00	0.00000000000000e+00	2.35186560337072e+01	4.37167994519123e+00	1.02816036920409e+02	4.37167994519123e+00	1
38	158	78	118	0.00000000000000e+00	1.00000000000000e+00	0.00000000000000e+00	0.00000000000000e+00	2.35726521066915e+01	4.32849585442696e+00	1.02034126921663e+02	4.32849585442696e+00	1
39	159	79	119	0.00000000000000e+00	1.00000000000000e+00	0.00000000000000e+00	0.00000000000000e+00	2.36242537100372e+01	4.29377913407414e+00	1.01437327638231e+02	4.29377913407414e+00	1
40	160	80	120	0.00000000000000e+00	1.00000000000000e+00	0.00000000000000e+00	0.00000000000000e+00	2.36735919493117e+01	4.25850676335688e+00	1.00814151429095e+02	4.25850676335688e+00	1
41	161	81	121	0.00000000000000e+00	1.00000000000000e+00	0.00000000000000e+00	0.00000000000000e+00	2.37207894742960e+01	4.22185029689439e+00	1.00145622084626e+02	4.22185029689439e+00	1
42	162	82	122	0.00000000000000e+00	1.00000000000000e+00	0.00000000000000e+00	0.00000000000000e+00	2.37659610995146e+01	4.19392222248371e+00	9.96725923939377e+01	4.19392222248371e+00	1
43	163	83	123	0.00000000000000e+00	1.00000000000000e+00	0.00000000000000e+00	0.00000000000000e+00	2.38092143743874e+01	4.16576206473715e+00	9.91835220320173e+01	4.16576206473715e+00	1
44	164	84	124	0.00000000000000e+00	1.00000000000000e+00	0.00000000000000e+00	0.00000000000000e+00	2.38506501074122e+01	4.13154006268892e+00	9.85399164399495e+01	4.13154006268892e+00	1
45	165	85	125	0.00000000000000e+00	1.00000000000000e+00	0.00000000000000e+00	0.00000000000000e+00	2.38903628483859e+01	4.09551187410658e+00	9.78432647222793e+01	4.09551187410658e+00	1
46	166	86	126	0.00000000000000e+00	1.00000000000000e+00	0.00000000000000e+00	0.00000000000000e+00	2.39284413322998e+01	4.05064467503529e+00	9.69256134645745e+01	4.05064467503529e+00	1
47	167	87	127	0.00000000000000e+00	1.00000000000000e+00	0.00000000000000e+00	0.00000000000000e+00	2.39649688882147e+01	4.00586106710817e+00	9.60003358437577e+01	4.00586106710817e+00	1
48	168	88	128	0.00000000000000e+00	1.00000000000000e+00	0.00000000000000e+00	0.00000000000000e+00	2.40000238161194e+01	3.97222599591351e+00	9.53335185049331e+01	3.97222599591351e+00	1
49	169	89	129	0.00000000000000e+00	1.00000000000000e+00	0.00000000000000e+00	0.00000000000000e+00	2.40336797345004e+01	3.93909302021759e+00	9.46709000923154e+01	3.93909302021759e+00	1
50	170	90	130	0.00000000000000e+00	1.00000000000000e+00	0.00000000000000e+00	0.00000000000000e+00	2.40660059011048e+01	3.90082578656986e+00	9.38772963987719e+01	3.90082578656986e+00	1
51	171	91	131	0.00000000000000e+00	1.00000000000000e+00	0.00000000000000e+00	0.00000000000000e+00	2.40970675091551e+01	3.86572933097832e+00	9.31527406607056e+01	3.86572933097832e+00	1
52	172	92	132	0.00000000000000e+00	1.00000000000000e+00	0.00000000000000e+00	0.00000000000000e+00	2.41269259610673e+01	3.82941231169108e+00	9.23919473185701e+01	3.82941231169108e+00	1
53	173	93	133	0.00000000000000e+00	1.00000000000000e+00	0.00000000000000e+00	0.00000000000000e+00	2.41556391215436e+01	3.78459221914152e+00	9.14192438677844e+01	3.78459221914152e+00	1
54	174	94	134	0.00000000000000e+00	1.00000000000000e+00	0.00000000000000e+00	0.00000000000000e+00	2.41832615517428e+01	3.73816474469542e+00	9.04010157444733e+01	3.73816474469542e+00	1
55	175	95	135	0.00000000000000e+00	1.00000000000000e+00	0.00000000000000e+00	0.00000000000000e+00	2.42098447260797e+01	3.68860246634908e+00	8.93004929665458e+01	3.68860246634908e+00	1
56	176	96	136	0.00000000000000e+00	1.00000000000000e+00	0.00000000000000e+00	0.00000000000000e+00	2.42354372330678e+01	3.63966859967301e+00	8.82089598965432e+01	3.63966859967301e+00	1
57	177	97	137	0.00000000000000e+00	1.00000000000000e+00	0.00000000000000e+00	0.00000000000000e+00	2.42600849614977e+01	3.59702271781746e+00	8.72640767426889e+01	3.59702271781746e+00	1
58	178	98	138	0.00000000000000e+00	1.00000000000000e+00	0.00000000000000e+00	0.00000000000000e+00	2.42838312731267e+01	3.55010560719777e+00	8.62101655669717e+01	3.55010560719777e+00	1
59	179	99	139	0.00000000000000e+00	1.00000000000000e+00	0.00000000000000e+00	0.00000000000000e+00	2.43067171629574e+01	3.49364325678708e+00	8.49189985109968e+01	3.49364325678708e+00	1
60	180	100	140	0.00000000000000e+00	1.00000000000000e+00	0.00000000000000e+00	0.00000000000000e+00	2.43287814080867e+01	3.44212724660936e+00	8.37427613615785e+01	3.44212724660936e+00	1
61	181	101	141	0.00000000000000e+00	1.00000000000000e+00	0.00000000000000e+00	0.00000000000000e+00	2.43500607060247e+01	3.39980945311565e+00	8.27855665722826e+01	3.39980945311565e+00	1
62	182	102	142	0.00000000000000e+00	1.00000000000000e+00	0.00000000000000e+00	0.00000000000000e+00	2.43705898033044e+01	3.36434647462527e+00	8.19911078892856e+01	3.36434647462527e+00	1
63	183	103	143	0.00000000000000e+00	1.00000000000000e+00	0.00000000000000e+00	0.00000000000000e+00	2.43904016151357e+01	3.33983690254229e+00	8.14599633820573e+01	3.33983690254229e+00	1
64	184	104	144	0.00000000000000e+00	1.00000000000000e+00	0.00000000000000e+00	0.00000000000000e+00	2.44095273367923e+01	3.31814056526251e+00	8.09942428350948e+01	3.31814056526251e+00	1
65	185	105	145	0.00000000000000e+00	1.00000000000000e+00	0.00000000000000e+00	0.00000000000000e+00	2.44279965473622e+01	3.30265011587844e+00	8.06771256278240e+01	3.30265011587844e+00	1
66	186	106	146	0.00000000000000e+00	1.00000000000000e+00	0.00000000000000e+00	0.00000000000000e+00	2.44458373064419e+01	3.29016513152402e+00	8.04308415165640e+01	3.29016513152402e+00	1
67	187	107	147	0.00000000000000e+00	1.00000000000000e+00	0.00000000000000e+00	0.00000000000000e+00	2.44630762443043e+01	3.27755800337086e+00	8.01791513315910e+01	3.27755800337086e+00	1
68	188	108	148	0.00000000000000e+00	1.00000000000000e+00	0.00000000000000e+00	0.00000000000000e+00	2.44797386460295e+01	3.27154521722745e+00	8.00865718863960e+01	3.27154521722745e+00	1
69	189	109	149	0.00000000000000e+00	1.00000000000000e+00	0.00000000000000e+00	0.00000000000000e+00	2.44958485300445e+01	3.26701867300547e+00	8.00283945587689e+01	3.26701867300547e+00	1
70	190	110	150	0.00000000000000e+00	1.00000000000000e+00	0.00000000000000e+00	0.00000000000000e+00	2.45114287214844e+01	3.26587019847867e+00	8.00511445836299e+01	3.26587019847867e+00	1
71	191	111	151	0.00000000000000e+00	1.00000000000000e+00	0.00000000000000e+00	0.00000000000000e+00	2.45265009207544e+01	3.26704939247769e+00	8.01292899327541e+01	3.26704939247769e+00	1
72	192	112	152	0.00000000000000e+00	1.00000000000000e+00	0.00000000000000e+00	0.00000000000000e+00	2.45410857676394e+01	3.26510525193202e+00	8.01292280280335e+01	3.26510525193202e+00	1
73	193	113	153	0.00000000000000e+00	1.00000000000000e+00	0.00000000000000e+00	0.00000000000000e+00	2.45552029012832e+01	3.26511871699853e+00	8.01756525926761e+01	3.26511871699853e+00	1
74	194	114	154	0.00000000000000e+00	1.00000000000000e+00	0.00000000000000e+00	0.00000000000000e+00	2.45688710163319e+01	3.26694108192079e+00	8.02650540596676e+01	3.26694108192079e+00	1
75	195	115	155	0.00000000000000e+00	1.00000000000000e+00	0.00000000000000e+00	0.00000000000000e+00	2.45821079155149e+01	3.27044169727966e+00	8.03943507339283e+01	3.27044169727966e+00	1
76	196	116	156	0.00000000000000e+00	1.00000000000000e+00	0.00000000000000e+00	0.00000000000000e+00	2.45949305589131e+01	3.27890733600069e+00	8.06444982380478e+01	3.27890733600069e+00	1
77	197	117	157	0.00000000000000e+00	1.00000000000000e+00	0.00000000000000e+00	0.00000000000000e+00	2.46073551101481e+01	3.29103926560673e+00	8.09837718902257e+01	3.29103926560673e+00	1
78	198	118	158	0.00000000000000e+00	1.00000000000000e+00	0.00000000000000e+00	0.00000000000000e+00	2.46193969797044e+01	3.30766943378590e+00	8.14328268680094e+01	3.30766943378590e+00	1
79	199	119	159	0.00000000000000e+00	1.00000000000000e+00	0.00000000000000e+00	0.00000000000000e+00	2.46310708655846e+01	3.33246915964588e+00	8.20822840286127e+01	3.33246915964588e+00	1
80	200	120	160	0.00000000000000e+00	1.00000000000000e+00	0.00000000000000e+00	0.00000000000000e+00	2.46423907914776e+01	3.35907617866586e+00	8.27756678930275e+01	3.35907617866586e+00	1
81	201	121	161	0.00000000000000e+00	1.00000000000000e+00	0.00000000000000e+00	0.00000000000000e+00	2.46533701426120e+01	3.38204315540454e+00	8.33787617484755e+01	3.38204315540454e+00	1
82	202	122	162	0.00000000000000e+00	1.00000000000000e+00	0.00000000000000e+00	0.00000000000000e+00	2.46640216994482e+01	3.40496496425444e+00	8.39801297642326e+01	3.40496496425444e+00	1
83	203	123	163	0.00000000000000e+00	1.00000000000000e+00	0.00000000000000e+00	0.00000000000000e+00	2.46743576693567e+01	3.42187511571897e+00	8.44325705051213e+01	3.42187511571897e+00	1
84	204	124	164	0.00000000000000e+00	1.00000000000000e+00	0.00000000000000e+00	0.00000000000000e+00	2.46843897164144e+01	3.43593606169309e+00	8.48139847875141e+01	3.43593606169309e+00	1
85	205	125	165	0.00000000000000e+00	1.00000000000000e+00	0.00000000000000e+00	0.00000000000000e+00	2.46941289894451e+01	3.44953730466737e+00	8.51833191553590e+01	3.44953730466737e+00	1
86	206	126	166	0.00000000000000e+00	1.00000000000000e+00	0.00000000000000e+00	0.00000000000000e+00	2.47035861484191e+01	3.45937273362921e+00	8.54589123447015e+01	3.45937273362921e+00	1
87	207	127	167	0.00000000000000e+00	1.00000000000000e+00	0.00000000000000e+00	0.00000000000000e+00	2.47127713893178e+01	3.47148053021968e+00	8.57899047257867e+01	3.47148053021968e+00	1
88	208	128	168	0.00000000000000e+00	1.00000000000000e+00	0.00000000000000e+00	0.00000000000000e+00	2.47216944675643e+01	3.48627192090128e+00	8.61865492593700e+01	3.48627192090128e+00	1
89	209	129	169	0.00000000000000e+00	1.00000000000000e+00	0.00000000000000e+00	0.00000000000000e+00	2.47303647201116e+01	3.50232542778212e+00	8.66137851975727e+01	3.50232542778212e+00	1
90	210	130	170	0.00000000000000e+00	1.00000000000000e+00	0.00000000000000e+00	0.00000000000000e+00	2.47387910862737e+01	3.51938766442814e+00	8.70653961818965e+01	3.51938766442814e+00	1
91	211	131	171	0.00000000000000e+00	1.00000000000000e+00	0.00000000000000e+00	0.00000000000000e+00	2.47469821273801e+01	3.53960804500262e+00	8.75946170276106e+01	3.53960804500262e+00	1
92	212	132	172	0.00000000000000e+00	1.00000000000000e+00	0.00000000000000e+00	0.00000000000000e+00	2.47549460453273e+01	3.56133117801290e+00	8.81605611612513e+01	3.56133117801290e+00	1
93	213	133	173	0.00000000000000e+00	1.00000000000000e+00	0.00000000000000e+00	0.00000000000000e+00	2.47626907000970e+01	3.58135303885657e+00	8.86839375890579e+01	3.58135303885657e+00	1
94	214	134	174	0.00000000000000e+00	1.00000000000000e+00	0.00000000000000e+00	0.00000000000000e+00	2.47702236263044e+01	3.59842608132211e+00	8.91338187370747e+01	3.59842608132211e+00	1
95	215	135	175	0.00000000000000e+00	1.00000000000000e+00	0.00000000000000e+00	0.00000000000000e+00	2.47775520488370e+01	3.61534959000233e+00	8.95795126410241e+01	3.61534959000233e+00	1
96	216	136	176	0.00000000000000e+00	1.00000000000000e+00	0.00000000000000e+00	0.00000000000000e+00	2.47846828976400e+01	3.63033812932810e+00	8.99767793466086e+01	3.63033812932810e+00	1
97	217	137	177	0.00000000000000e+00	1.00000000000000e+00	0.00000000000000e+00	0.00000000000000e+00	2.47916228216997e+01	3.63747227854135e+00	9.01788407539858e+01	3.63747227854135e+00	1
98	218	138	178	0.00000000000000e+00	1.00000000000000e+00	0.00000000000000e+00	0.00000000000000e+00	2.47983782022736e+01	3.64286042210043e+00	9.03370304853406e+01	3.64286042210043e+00	1
99	219	139	179	0.00000000000000e+00	1.00000000000000e+00	0.00000000000000e+00	0.00000000000000e+00	2.48049551654129e+01	3.65076268852349e+00	9.05570048083875e+01	3.65076268852349e+00	1
100	220	140	180	0.00000000000000e+00	1.00000000000000e+00	0.00000000000000e+00	0.00000000000000e+00	2.48113595938194e+01	3.66880129650281e+00	9.10279482458020e+01	3.66880129650281e+00	1
101	221	141	181	0.00000000000000e+00	1.00000000000000e+00	0.00000000000000e+00	0.00000000000000e+00	2.48175971380761e+01	3.69537254422482e+00	9.17102670776789e+01	3.69537254422482e+00	1
102	222	142	182	0.00000000000000e+00	1.00000000000000e+00	0.00000000000000e+00	0.00000000000000e+00	2.48236732272891e+01	3.71844727775882e+00	9.23055201359878e+01	3.71844727775882e+00	1
103	223	143	183	0.00000000000000e+00	1.00000000000000e+00	0.00000000000000e+00	0.00000000000000e+00	2.48295930791746e+01	3.74074411195933e+00	9.28811541132686e+01	3.74074411195933e+00	1
104	224	144	184	0.00000000000000e+00	1.00000000000000e+00	0.00000000000000e+00	0.00000000000000e+00	2.48353617096236e+01	3.76016763809700e+00	9.33851233809600e+01	3.76016763809700e+00	1
105	225	145	185	0.00000000000000e+00	1.00000000000000e+00	0.00000000000000e+00	0.00000000000000e+00	2.48409839417747e+01	3.78297790919727e+00	9.39728934944576e+01	3.78297790919727e+00	1
106	226	146	186	0.00000000000000e+00	1.00000000000000e+00	0.00000000000000e+00	0.00000000000000e+00	2.48464644146233e+01	3.80817795898489e+00	9.46197581424707e+01	3.80817795898489e+00	1
107	227	147	187	0.00000000000000e+00	1.00000000000000e+00	0.00000000000000e+00	0.00000000000000e+00	2.48518075911931e+01	3.82952260693884e+00	9.51705589937683e+01	3.82952260693884e+00	1
108	228	148	188	0.00000000000000e+00	1.00000000000000e+00	0.00000000000000e+00	0.00000000000000e+00	2.48570177662958e+01	3.85769387603156e+00	9.58907652134467e+01	3.85769387603156e+00	1
109	229	149	189	0.00000000000000e+00	1.00000000000000e+00	0.00000000000000e+00	0.00000000000000e+00	2.48620990739005e+01	3.89445019773119e+00	9.68242066543641e+01	3.89445019773119e+00	1
110	230	150	190	0.00000000000000e+00	1.00000000000000e+00	0.00000000000000e+00	0.00000000000000e+00	2.48670554941375e+01	3.93874219434173e+00	9.79449207237968e+01	3.93874219434173e+00	1
111	231	151	191	0.00000000000000e+00	1.00000000000000e+00	0.00000000000000e+00	0.00000000000000e+00	2.48718908599538e+01	3.98532655463216e+00	9.91226071080868e+01	3.98532655463216e+00	1
112	232	152	192	0.00000000000000e+00	1.00000000000000e+00	0.00000000000000e+00	0.00000000000000e+00	2.48766088634416e+01	4.02964647089216e+00	1.00243939114332e+02	4.02964647089216e+00	1
113	233	153	193	0.00000000000000e+00	1.00000000000000e+00	0.00000000000000e+00	0.00000000000000e+00	2.48812130618570e+01	4.07364971249416e+00	1.01357346435940e+02	4.07364971249416e+00	1
114	234	154	194	0.00000000000000e+00	1.00000000000000e+00	0.00000000000000e+00	0.00000000000000e+00	2.48857068833465e+01	4.12907695854815e+00	1.02754998889209e+02	4.12907695854815e+00	1
115	235	155	195	0.00000000000000e+00	1.00000000000000e+00	0.00000000000000e+00	0.00000000000000e+00	2.48900936323958e+01	4.19210994211379e+00	1.04342008976510e+02	4.19210994211379e+00	1
116	236	156	196	0.00000000000000e+00	1.00000000000000e+00	0.00000000000000e+00	0.00000000000000e+00	2.48943764950185e+01	4.25527580038083e+00	1.05932437864822e+02	4.25527580038083e+00	1
117	237	157	197	0.00000000000000e+00	1.00000000000000e+00	0.00000000000000e+00	0.00000000000000e+00	2.48985585436951e+01	4.33561647987831e+00	1.07950600747259e+02	4.33561647987831e+00	1
118	238	158	198	0.00000000000000e+00	1.00000000000000e+00	0.00000000000000e+00	0.00000000000000e+00	2.49026427420791e+01	4.43885101148562e+00	1.10539120924343e+02	4.43885101148562e+00	1
119	239	159	199	0.00000000000000e+00	1.00000000000000e+00	0.00000000000000e+00	0.00000000000000e+00	2.49066319494805e+01	4.56764664008200e+00	1.13764693739804e+02	4.56764664008200e+00	1
120	240	160	200	0.00000000000000e+00	1.00000000000000e+00	0.00000000000000e+00	0.00000000000000e+00	2.49105289251392e+01	4.70121454835981e+00	1.17109740990202e+02	4.70121454835981e+00	1
121	241	161	201	0.00000000000000e+00	1.00000000000000e+00	0.00000000000000e+00	0.00000000000000e+00	2.49143363322988e+01	4.84716392527374e+00	1.20763872292056e+02	4.84716392527374e+00	1
122	242	162	202	0.00000000000000e+00	1.00000000000000e+00	0.00000000000000e+00	0.00000000000000e+00	2.49180567420920e+01	5.02276261589969e+00	1.25157483865047e+02	5.02276261589969e+00	1
123	243	163	203	0.00000000000000e+00	1.00000000000000e+00	0.00000000000000e+00	0.00000000000000e+00	2.49216926372468e+01	5.21807104074250e+00	1.30043162636703e+02	5.21807104074250e+00	1
124	244	164	204	0.00000000000000e+00	1.00000000000000e+00	0.00000000000000e+00	0.00000000000000e+00	2.49252464156229e+01	5.42700065367126e+00	1.35269328590503e+02	5.42700065367126e+00	1
125	245	165	205	0.00000000000000e+00	1.00000000000000e+00	0.00000000000000e+00	0.00000000000000e+00	2.49287203935872e+01	5.60597676296089e+00	1.39749827256799e+02	5.60597676296089e+00	1
126	246	166	206	0.00000000000000e+00	1.00000000000000e+00	0.00000000000000e+00	0.00000000000000e+00	2.49321168092358e+01	5.76603378812807e+00	1.43759427931610e+02	5.76603378812807e+00	1
127	247	167	207	0.00000000000000e+00	1.00000000000000e+00	0.00000000000000e+00	0.00000000000000e+00	2.49354378254721e+01	5.93317888015084e+00	1.47946413073405e+02	5.93317888015084e+00	1
128	248	168	208	0.00000000000000e+00	1.00000000000000e+00	0.00000000000000e+00	0.00000000000000e+00	2.49386855329455e+01	6.08814560277943e+00	1.51830348666501e+02	6.08814560277943e+00	1
129	249	169	209	0.00000000000000e+00	1.00000000000000e+00	0.00000000000000e+00	0.00000000000000e+00	2.49418619528610e+01	6.23957234855228e+00	1.55626552162480e+02	6.23957234855228e+00	1
130	250	170	210	0.00000000000000e+00	1.00000000000000e+00	0.00000000000000e+00	0.00000000000000e+00	2.49449690396627e+01	6.41228955142992e+00	1.59954364333772e+02	6.41228955142992e+00	1
131	251	171	211	0.00000000000000e+00	1.00000000000000e+00	0.00000000000000e+00	0.00000000000000e+00	2.49480086836005e+01	6.57860768330450e+00	1.64123161609081e+02	6.57860768330450e+00	1
132	252	172	212	0.00000000000000e+00	1.00000000000000e+00	0.00000000000000e+00	0.00000000000000e+00	2.49509827131836e+01	6.71700369368086e+00	1.67595843045421e+02	6.71700369368086e+00	1
133	253	173	213	0.00000000000000e+00	1.00000000000000e+00	0.00000000000000e+00	0.00000000000000e+00	2.49538928975276e+01	6.84423181428296e+00	1.70790227659468e+02	6.84423181428296e+00	1
134	254	174	214	0.00000000000000e+00	1.00000000000000e+00	0.00000000000000e+00	0.00000000000000e+00	2.49567409486000e+01	6.94819392326659e+00	1.73404275803601e+02	6.94819392326659e+00	1
135	255	175	215	0.00000000000000e+00	1.00000000000000e+00	0.00000000000000e+00	0.00000000000000e+00	2.49595285233683e+01	7.04269292000288e+00	1.75782294818136e+02	7.04269292000288e+00	1
136	256	176	216	0.00000000000000e+00	1.00000000000000e+00	0.00000000000000e+00	0.00000000000000e+00	2.49622572258570e+01	7.12835521632667e+00	1.77939836507226e+02	7.12835521632667e+00	1
137	257	177	217	0.00000000000000e+00	1.00000000000000e+00	0.00000000000000e+00	0.00000000000000e+00	2.49649286091164e+01	7.19345604788031e+00	1.79584116688148e+02	7.19345604788031e+00	1
138	258	178	218	0.00000000000000e+00	1.00000000000000e+00	0.00000000000000e+00	0.00000000000000e+00	2.49675441771083e+01	7.27136518920577e+00	1.81548131589383e+02	7.27136518920577e+00	1
139	259	179	219	0.00000000000000e+00	1.00000000000000e+00	0.00000000000000e+00	0.00000000000000e+00	2.49701053865121e+01	7.37631486159994e+00	1.84187359458246e+02	7.37631486159994e+00	1
140	260	180	220	0.00000000000000e+00	1.00000000000000e+00	0.00000000000000e+00	0.00000000000000e+00	2.49726136484547e+01	7.50780538375638e+00	1.87489523196336e+02	7.50780538375638e+00	1
141	261	181	221	0.00000000000000e+00	1.00000000000000e+00	0.00000000000000e+00	0.00000000000000e+00	2.49750703301693e+01	7.62339838018346e+00	1.90394910699981e+02	7.62339838018346e+00	1
142	262	182	222	0.00000000000000e+00	1.00000000000000e+00	0.00000000000000e+00	0.00000000000000e+00	2.49774767565844e+01	7.69405410344695e+00	1.92178057532749e+02	7.69405410344695e+00	1
143	263	183	223	0.00000000000000e+00	1.00000000000000e+00	0.00000000000000e+00	0.00000000000000e+00	2.49798342118479e+01	7.75332590523499e+00	1.93676795703195e+02	7.75332590523499e+00	1
144	264	184	224	0.00000000000000e+00	1.00000000000000e+00	0.00000000000000e+00	0.00000000000000e+00	2.49821439407881e+01	7.80428564851546e+00	1.94967787426240e+02	7.80428564851546e+00	1
145	265	185	225	0.00000000000000e+00	1.00000000000000e+00	0.00000000000000e+00	0.00000000000000e+00	2.49844071503156e+01	7.86723850276170e+00	1.96558289901638e+02	7.86723850276170e+00	1
146	266	186	226	0.00000000000000e+00	1.00000000000000e+00	0.00000000000000e+00	0.00000000000000e+00	2.49866250107677e+01	7.95149084446968e+00	1.98680920007317e+02	7.95149084446968e+00	1
147	267	187	227	0.00000000000000e+00	1.00000000000000e+00	0.00000000000000e+00	0.00000000000000e+00	2.49887986571990e+01	8.02072901021407e+00	2.00428382320194e+02	8.02072901021407e+00	1
148	268	188	228	0.00000000000000e+00	1.00000000000000e+00	0.00000000000000e+00	0.00000000000000e+00	2.49909291906193e+01	8.08280367598759e+00	2.01996774328283e+02	8.08280367598759e+00	1
149	269	189	229	0.00000000000000e+00	1.00000000000000e+00	0.00000000000000e+00	0.00000000000000e+00	2.49930176791833e+01	8.17123362592031e+00	2.04223786473363e+02	8.17123362592031e+00	1
150	270	190	230	0.00000000000000e+00	1.00000000000000e+00	0.00000000000000e+00	0.00000000000000e+00	2.49950651593314e+01	8.26083487179216e+00	2.06480105890922e+02	8.26083487179216e+00	1
151	271	191	231	0.00000000000000e+00	1.00000000000000e+00	0.00000000000000e+00	0.00000000000000e+00	2.49970726368864e+01	8.33217402863332e+00	2.08279959416926e+02	8.33217402863332e+00	1
152	272	192	232	0.00000000000000e+00	1.00000000000000e+00	0.00000000000000e+00	0.00000000000000e+00	2.49990410881067e+01	8.40606965009199e+00	2.10143680572137e+02	8.40606965009199e+00	1
153	273	193	233	0.00000000000000e+00	1.00000000000000e+00	0.00000000000000e+00	0.00000000000000e+00	2.50009714606980e+01	8.47001802646396e+00	2.11758678951223e+02	8.47001802646396e+00	1
154	274	194	234	0.00000000000000e+00	1.00000000000000e+00	0.00000000000000e+00	0.00000000000000e+00	2.50028646747857e+01	8.53089572769812e+00	2.13296831434343e+02	8.53089572769812e+00	1
155	275	195	235	0.00000000000000e+00	1.00000000000000e+00	0.00000000000000e+00	0.00000000000000e+00	2.50047216238495e+01	8.57995487356392e+00	2.14539383158656e+02	8.57995487356392e+00	1
156	276	196	236	0.00000000000000e+00	1.00000000000000e+00	0.00000000000000e+00	0.00000000000000e+00	2.50065431756221e+01	8.60872281760629e+00	2.15274398825435e+02	8.60872281760629e+00	1
157	277	197	237	0.00000000000000e+00	1.00000000000000e+00	0.00000000000000e+00	0.00000000000000e+00	2.50083301729530e+01	8.65888567243385e+00	2.16544271826078e+02	8.65888567243385e+00	1
158	278	198	238	0.00000000000000e+00	1.00000000000000e+00	0.00000000000000e+00	0.00000000000000e+00	2.50100834346395e+01	8.74354677954826e+00	2.18676834471176e+02	8.74354677954826e+00	1
159	279	199	239	0.00000000000000e+00	1.00000000000000e+00	0.00000000000000e+00	0.00000000000000e+00	2.50118037562260e+01	8.84136757574674e+00	2.21138550741237e+02	8.84136757574674e+00	1
160	280	200	240	0.00000000000000e+00	1.00000000000000e+00	0.00000000000000e+00	0.00000000000000e+00	2.50134919107727e+01	8.91855525797792e+00	2.23084209801210e+02	8.91855525797792e+00	1
161	281	201	241	0.00000000000000e+00	1.00000000000000e+00	0.00000000000000e+00	0.00000000000000e+00	2.50151486495963e+01	8.97929705765487e+00	2.24618450666119e+02	8.97929705765487e+00	1
162	282	202	242	0.00000000000000e+00	1.00000000000000e+00	0.00000000000000e+00	0.00000000000000e+00	2.50167747029815e+01	9.01381713307830e+00	2.25496632432095e+02	9.01381713307830e+00	1
163	283	203	243	0.00000000000000e+00	1.00000000000000e+00	0.00000000000000e+00	0.00000000000000e+00	2.50183707808672e+01	9.00767143217798e+00	2.25357263762454e+02	9.00767143217798e+00	1
164	284	204	244	0.00000000000000e+00	1.00000000000000e+00	0.00000000000000e+00	0.00000000000000e+00	2.50199375735061e+01	8.99528414146397e+00	2.25061447675378e+02	8.99528414146397e+00	1
165	285	205	245	0.00000000000000e+00	1.00000000000000e+00	0.00000000000000e+00	0.00000000000000e+00	2.50214757521011e+01	9.00854554210090e+00	2.25407103843376e+02	9.00854554210090e+00	1
166	286	206	246	0.00000000000000e+00	1.00000000000000e+00	0.00000000000000e+00	0.00000000000000e+00	2.50229859694169e+01	9.05782142993954e+00	2.26653738554861e+02	9.05782142993954e+00	1
167	287	207	247	0.00000000000000e+00	1.00000000000000e+00	0.00000000000000e+00	0.00000000000000e+00	2.50244688603706e+01	9.13383241290163e+00	2.28569304792501e+02	9.13383241290163e+00	1
168	288	208	248	0.00000000000000e+00	1.00000000000000e+00	0.00000000000000e+00	0.00000000000000e+00	2.50259250425995e+01	9.21449114047059e+00	2.30601164587114e+02	9.21449114047059e+00	1
169	289	209	249	0.00000000000000e+00	1.00000000000000e+00	0.00000000000000e+00	0.00000000000000e+00	2.50273551170089e+01	9.26200770394298e+00	2.31803555903053e+02	9.26200770394298e+00	1
170	290	210	250	0.00000000000000e+00	1.00000000000000e+00	0.00000000000000e+00	0.00000000000000e+00	2.50287596683004e+01	9.29807983104777e+00	2.32719405467966e+02	9.29807983104777e+00	1
171	291	211	251	0.00000000000000e+00	1.00000000000000e+00	0.00000000000000e+00	0.00000000000000e+00	2.50301392654803e+01	9.34744855105483e+00	2.33967939009814e+02	9.34744855105483e+00	1
172	292	212	252	0.00000000000000e+00	1.00000000000000e+00	0.00000000000000e+00	0.00000000000000e+00	2.50314944623507e+01	9.40845930877693e+00	2.35507797086902e+02	9.40845930877693e+00	1
173	293	213	253	0.00000000000000e+00	1.00000000000000e+00	0.00000000000000e+00	0.00000000000000e+00	2.50328257979826e+01	9.49363158250315e+00	2.37652425595027e+02	9.49363158250315e+00	1
174	294	214	254	0.00000000000000e+00	1.00000000000000e+00	0.00000000000000e+00	0.00000000000000e+00	2.50341337971720e+01	9.58898677394012e+00	2.40051977878130e+02	9.58898677394012e+00	1
175	295	215	255	0.00000000000000e+00	1.00000000000000e+00	0.00000000000000e+00	0.00000000000000e+00	2.50354189708808e+01	9.70891350451069e+00	2.43066717337468e+02	9.70891350451069e+00	1
176	296	216	256	0.00000000000000e+00	1.00000000000000e+00	0.00000000000000e+00	0.00000000000000e+00	2.50366818166609e+01	9.84900739716966e+00	2.46586464412876e+02	9.84900739716966e+00	1
177	297	217	257	0.00000000000000e+00	1.00000000000000e+00	0.00000000000000e+00	0.00000000000000e+00	2.50379228190646e+01	1.00011941454848e+01	2.50409127113130e+02	1.00011941454848e+01	1
178	298	218	258	0.00000000000000e+00	1.00000000000000e+00	0.00000000000000e+00	0.00000000000000e+00	2.50391424500401e+01	1.01978562830990e+01	2.55345576157553e+02	1.01978562830990e+01	1
179	299	219	259	0.00000000000000e+00	1.00000000000000e+00	0.00000000000000e+00	0.00000000000000e+00	2.50403411693133e+01	1.04325936052645e+01	2.61235703156618e+02	1.04325936052645e+01	1
180	300	220	260	0.00000000000000e+00	1.00000000000000e+00	0.00000000000000e+00	0.00000000000000e+00	2.50415194247564e+01	1.07419772423054e+01	2.68995431773482e+02	1.07419772423054e+01	1
181	301	221	261	0.00000000000000e+00	1.00000000000000e+00	0.00000000000000e+00	0.00000000000000e+00	2.50426776527444e+01	1.14275867227384e+01	2.86177370646321e+02	1.14275867227384e+01	1
0
