301
# x y z
0	0	0
0	0	-0.05
0	0	-0.1
0	0	-0.15
0	0	-0.2
0	0	-0.25
0	0	-0.3
0	0	-0.35
0	0	-0.4
0	0	-0.45
0	0	-0.5
0	0	-0.55
0	0	-0.6
0	0	-0.65
0	0	-0.7
0	0	-0.75
0	0	-0.8
0	0	-0.85
0	0	-0.9
0	0	-0.95
0	0	-1
0	0	-1.05
0	0	-1.1
0	0	-1.15
0	0	-1.2
0	0	-1.25
0	0	-1.3
0	0	-1.35
0	0	-1.4
0	0	-1.45
0	0	-1.5
0	0	-1.55
0	0	-1.6
0	0	-1.65
0	0	-1.7
0	0	-1.75
0	0	-1.8
0	0	-1.85
0	0	-1.9
0	0	-1.95
0	0	-2
0	0	-2.05
0	0	-2.1
0	0	-2.15
0	0	-2.2
0	0	-2.25
0	0	-2.3
0	0	-2.35
0	0	-2.4
0	0	-2.45
0	0	-2.5
0	0	-2.55
0	0	-2.6
0	0	-2.65
0	0	-2.7
0	0	-2.75
0	0	-2.8
0	0	-2.85
0	0	-2.9
0	0	-2.95
0	0	-3
0	0	-3.05
0	0	-3.1
0	0	-3.15
0	0	-3.2
0	0	-3.25
0	0	-3.3
0	0	-3.35
0	0	-3.4
0	0	-3.45
0	0	-3.5
0	0	-3.55
0	0	-3.6
0	0	-3.65
0	0	-3.7
0	0	-3.75
0	0	-3.8
0	0	-3.85
0	0	-3.9
0	0	-3.95
0	0	-4
0	0	-4.05
0	0	-4.1
0	0	-4.15
0	0	-4.2
0	0	-4.25
0	0	-4.3
0	0	-4.35
0	0	-4.4
0	0	-4.45
0	0	-4.5
0	0	-4.55
0	0	-4.6
0	0	-4.65
0	0	-4.7
0	0	-4.75
0	0	-4.8
0	0	-4.85
0	0	-4.9
0	0	-4.95
0	0	-5
0	0	-5.05
0	0	-5.1
0	0	-5.15
0	0	-5.2
0	0	-5.25
0	0	-5.3
0	0	-5.35
0	0	-5.4
0	0	-5.45
0	0	-5.5
0	0	-5.55
0	0	-5.6
0	0	-5.65
0	0	-5.7
0	0	-5.75
0	0	-5.8
0	0	-5.85
0	0	-5.9
0	0	-5.95
0	0	-6
0	0	-6.05
0	0	-6.1
0	0	-6.15
0	0	-6.2
0	0	-6.25
0	0	-6.3
0	0	-6.35
0	0	-6.4
0	0	-6.45
0	0	-6.5
0	0	-6.55
0	0	-6.6
0	0	-6.65
0	0	-6.7
0	0	-6.75
0	0	-6.8
0	0	-6.85
0	0	-6.9
0	0	-6.95
0	0	-7
0	0	-7.05
0	0	-7.1
0	0	-7.15
0	0	-7.2
0	0	-7.25
0	0	-7.3
0	0	-7.35
0	0	-7.4
0	0	-7.45
0	0	-7.5
0	0	-7.55
0	0	-7.6
0	0	-7.65
0	0	-7.7
0	0	-7.75
0	0	-7.8
0	0	-7.85
0	0	-7.9
0	0	-7.95
0	0	-8
0	0	-8.05
0	0	-8.1
0	0	-8.15
0	0	-8.2
0	0	-8.25
0	0	-8.3
0	0	-8.35
0	0	-8.4
0	0	-8.45
0	0	-8.5
0	0	-8.55
0	0	-8.6
0	0	-8.65
0	0	-8.7
0	0	-8.75
0	0	-8.8
0	0	-8.85
0	0	-8.9
0	0	-8.95
0	0	-9
0	0	-9.05
0	0	-9.1
0	0	-9.15
0	0	-9.2
0	0	-9.25
0	0	-9.3
0	0	-9.35
0	0	-9.4
0	0	-9.45
0	0	-9.5
0	0	-9.55
0	0	-9.6
0	0	-9.65
0	0	-9.7
0	0	-9.75
0	0	-9.8
0	0	-9.85
0	0	-9.9
0	0	-9.95
0	0	-10
0	0	-10.05
0	0	-10.1
0	0	-10.15
0	0	-10.2
0	0	-10.25
0	0	-10.3
0	0	-10.35
0	0	-10.4
0	0	-10.45
0	0	-10.5
0	0	-10.55
0	0	-10.6
0	0	-10.65
0	0	-10.7
0	0	-10.75
0	0	-10.8
0	0	-10.85
0	0	-10.9
0	0	-10.95
0	0	-11
0	0	-11.05
0	0	-11.1
0	0	-11.15
0	0	-11.2
0	0	-11.25
0	0	-11.3
0	0	-11.35
0	0	-11.4
0	0	-11.45
0	0	-11.5
0	0	-11.55
0	0	-11.6
0	0	-11.65
0	0	-11.7
0	0	-11.75
0	0	-11.8
0	0	-11.85
0	0	-11.9
0	0	-11.95
0	0	-12
0	0	-12.05
0	0	-12.1
0	0	-12.15
0	0	-12.2
0	0	-12.25
0	0	-12.3
0	0	-12.35
0	0	-12.4
0	0	-12.45
0	0	-12.5
0	0	-12.55
0	0	-12.6
0	0	-12.65
0	0	-12.7
0	0	-12.75
0	0	-12.8
0	0	-12.85
0	0	-12.9
0	0	-12.95
0	0	-13
0	0	-13.05
0	0	-13.1
0	0	-13.15
0	0	-13.2
0	0	-13.25
0	0	-13.3
0	0	-13.35
0	0	-13.4
0	0	-13.45
0	0	-13.5
0	0	-13.55
0	0	-13.6
0	0	-13.65
0	0	-13.7
0	0	-13.75
0	0	-13.8
0	0	-13.85
0	0	-13.9
0	0	-13.95
0	0	-14
0	0	-14.05
0	0	-14.1
0	0	-14.15
0	0	-14.2
0	0	-14.25
0	0	-14.3
0	0	-14.35
0	0	-14.4
0	0	-14.45
0	0	-14.5
0	0	-14.55
0	0	-14.6
0	0	-14.65
0	0	-14.7
0	0	-14.75
0	0	-14.8
0	0	-14.85
0	0	-14.9
0	0	-14.95
0	0	-15
452
# a b m n err i ip iperr k r rhoa u valid 
1	31	11	21	0.00000000000000e+00	1.00000000000000e+00	0.00000000000000e+00	0.00000000000000e+00	4.33323124633075e+00	2.31540141289241e+01	1.00331697501438e+02	2.31540141289241e+01	1
2	32	12	22	0.00000000000000e+00	1.00000000000000e+00	0.00000000000000e+00	0.00000000000000e+00	4.71356619471904e+00	2.19491858689323e+01	1.03458940513404e+02	2.19491858689323e+01	1
3	33	13	23	0.00000000000000e+00	1.00000000000000e+00	0.00000000000000e+00	0.00000000000000e+00	5.00440274059050e+00	2.10123222963944e+01	1.05154123286247e+02	2.10123222963944e+01	1
4	34	14	24	0.00000000000000e+00	1.00000000000000e+00	0.00000000000000e+00	0.00000000000000e+00	5.22916918253467e+00	2.02008563273729e+01	1.05633695367909e+02	2.02008563273729e+01	1
5	35	15	25	0.00000000000000e+00	1.00000000000000e+00	0.00000000000000e+00	0.00000000000000e+00	5.40492239713594e+00	1.94713160653927e+01	1.05240952303554e+02	1.94713160653927e+01	1
6	36	16	26	0.00000000000000e+00	1.00000000000000e+00	0.00000000000000e+00	0.00000000000000e+00	5.54398703574669e+00	1.88326233093385e+01	1.04407819476074e+02	1.88326233093385e+01	1
7	37	17	27	0.00000000000000e+00	1.00000000000000e+00	0.00000000000000e+00	0.00000000000000e+00	5.65528936040041e+00	1.82310641876789e+01	1.03101943329358e+02	1.82310641876789e+01	1
8	38	18	28	0.00000000000000e+00	1.00000000000000e+00	0.00000000000000e+00	0.00000000000000e+00	5.74534182854098e+00	1.77326537183156e+01	1.01880157138871e+02	1.77326537183156e+01	1
9	39	19	29	0.00000000000000e+00	1.00000000000000e+00	0.00000000000000e+00	0.00000000000000e+00	5.81894234868093e+00	1.74396135684276e+01	1.01480105937954e+02	1.74396135684276e+01	1
10	40	20	30	0.00000000000000e+00	1.00000000000000e+00	0.00000000000000e+00	0.00000000000000e+00	5.87966400842681e+00	1.71835503526152e+01	1.01033502545262e+02	1.71835503526152e+01	1
11	41	21	31	0.00000000000000e+00	1.00000000000000e+00	0.00000000000000e+00	0.00000000000000e+00	5.93019736857399e+00	1.69140420942804e+01	1.00303607919451e+02	1.69140420942804e+01	1
12	42	22	32	0.00000000000000e+00	1.00000000000000e+00	0.00000000000000e+00	0.00000000000000e+00	5.97259071209649e+00	1.67887656359381e+01	1.00272425704769e+02	1.67887656359381e+01	1
13	43	23	33	0.00000000000000e+00	1.00000000000000e+00	0.00000000000000e+00	0.00000000000000e+00	6.00841993362509e+00	1.68110448447421e+01	1.01007816950214e+02	1.68110448447421e+01	1
14	44	24	34	0.00000000000000e+00	1.00000000000000e+00	0.00000000000000e+00	0.00000000000000e+00	6.03890978038590e+00	1.68774277724988e+01	1.01921263643100e+02	1.68774277724988e+01	1
15	45	25	35	0.00000000000000e+00	1.00000000000000e+00	0.00000000000000e+00	0.00000000000000e+00	6.06502124037442e+00	1.69098063221258e+01	1.02558334514310e+02	1.69098063221258e+01	1
16	46	26	36	0.00000000000000e+00	1.00000000000000e+00	0.00000000000000e+00	0.00000000000000e+00	6.08751517650617e+00	1.68628870997677e+01	1.02653081139546e+02	1.68628870997677e+01	1
17	47	27	37	0.00000000000000e+00	1.00000000000000e+00	0.00000000000000e+00	0.00000000000000e+00	6.10699913684056e+00	1.67246522262598e+01	1.02137436709727e+02	1.67246522262598e+01	1
18	48	28	38	0.00000000000000e+00	1.00000000000000e+00	0.00000000000000e+00	0.00000000000000e+00	6.12396213251112e+00	1.65553256423684e+01	1.01384187325254e+02	1.65553256423684e+01	1
19	49	29	39	0.00000000000000e+00	1.00000000000000e+00	0.00000000000000e+00	0.00000000000000e+00	6.13880072532079e+00	1.64207047151406e+01	1.00803434015583e+02	1.64207047151406e+01	1
20	50	30	40	0.00000000000000e+00	1.00000000000000e+00	0.00000000000000e+00	0.00000000000000e+00	6.15183877753701e+00	1.63758828870371e+01	1.00741791360879e+02	1.63758828870371e+01	1
21	51	31	41	0.00000000000000e+00	1.00000000000000e+00	0.00000000000000e+00	0.00000000000000e+00	6.16334253565300e+00	1.64742528935367e+01	1.01536463601839e+02	1.64742528935367e+01	1
22	52	32	42	0.00000000000000e+00	1.00000000000000e+00	0.00000000000000e+00	0.00000000000000e+00	6.17353224736129e+00	1.66019262138868e+01	1.02492526849743e+02	1.66019262138868e+01	1
23	53	33	43	0.00000000000000e+00	1.00000000000000e+00	0.00000000000000e+00	0.00000000000000e+00	6.18259118002790e+00	1.66523634315338e+01	1.02954755278420e+02	1.66523634315338e+01	1
24	54	34	44	0.00000000000000e+00	1.00000000000000e+00	0.00000000000000e+00	0.00000000000000e+00	6.19067267502426e+00	1.66309435882437e+01	1.02956728031610e+02	1.66309435882437e+01	1
25	55	35	45	0.00000000000000e+00	1.00000000000000e+00	0.00000000000000e+00	0.00000000000000e+00	6.19790570542493e+00	1.65096292190910e+01	1.02325125131454e+02	1.65096292190910e+01	1
26	56	36	46	0.00000000000000e+00	1.00000000000000e+00	0.00000000000000e+00	0.00000000000000e+00	6.20439928451903e+00	1.63596150321565e+01	1.01501583800518e+02	1.63596150321565e+01	1
27	57	37	47	0.00000000000000e+00	1.00000000000000e+00	0.00000000000000e+00	0.00000000000000e+00	6.21024598544366e+00	1.61947339813147e+01	1.00573281692788e+02	1.61947339813147e+01	1
28	58	38	48	0.00000000000000e+00	1.00000000000000e+00	0.00000000000000e+00	0.00000000000000e+00	6.21552476847512e+00	1.60474796152712e+01	9.97435070203177e+01	1.60474796152712e+01	1
29	59	39	49	0.00000000000000e+00	1.00000000000000e+00	0.00000000000000e+00	0.00000000000000e+00	6.22030326546426e+00	1.59598308340517e+01	9.92749878533091e+01	1.59598308340517e+01	1
30	60	40	50	0.00000000000000e+00	1.00000000000000e+00	0.00000000000000e+00	0.00000000000000e+00	6.22463963592377e+00	1.59573433218803e+01	9.93287117254196e+01	1.59573433218803e+01	1
31	61	41	51	0.00000000000000e+00	1.00000000000000e+00	0.00000000000000e+00	0.00000000000000e+00	6.22858408307471e+00	1.60679168583492e+01	1.00080371192082e+02	1.60679168583492e+01	1
32	62	42	52	0.00000000000000e+00	1.00000000000000e+00	0.00000000000000e+00	0.00000000000000e+00	6.23218009839679e+00	1.62001202925004e+01	1.00962067278555e+02	1.62001202925004e+01	1
33	63	43	53	0.00000000000000e+00	1.00000000000000e+00	0.00000000000000e+00	0.00000000000000e+00	6.23546548821525e+00	1.62945941388819e+01	1.01604379397473e+02	1.62945941388819e+01	1
34	64	44	54	0.00000000000000e+00	1.00000000000000e+00	0.00000000000000e+00	0.00000000000000e+00	6.23847322438191e+00	1.63745723648129e+01	1.02152331258589e+02	1.63745723648129e+01	1
35	65	45	55	0.00000000000000e+00	1.00000000000000e+00	0.00000000000000e+00	0.00000000000000e+00	6.24123215227909e+00	1.64499024278263e+01	1.02667659934403e+02	1.64499024278263e+01	1
36	66	46	56	0.00000000000000e+00	1.00000000000000e+00	0.00000000000000e+00	0.00000000000000e+00	6.24376758254232e+00	1.64915078067797e+01	1.02969141831215e+02	1.64915078067797e+01	1
37	67	47	57	0.00000000000000e+00	1.00000000000000e+00	0.00000000000000e+00	0.00000000000000e+00	6.24610178757890e+00	1.64135244769385e+01	1.02520544575876e+02	1.64135244769385e+01	1
38	68	48	58	0.00000000000000e+00	1.00000000000000e+00	0.00000000000000e+00	0.00000000000000e+00	6.24825441979583e+00	1.62519034313801e+01	1.01546027445216e+02	1.62519034313801e+01	1
39	69	49	59	0.00000000000000e+00	1.00000000000000e+00	0.00000000000000e+00	0.00000000000000e+00	6.25024286517451e+00	1.60738997125160e+01	1.00465776993684e+02	1.60738997125160e+01	1
40	70	50	60	0.00000000000000e+00	1.00000000000000e+00	0.00000000000000e+00	0.00000000000000e+00	6.25208254323826e+00	1.59542815444700e+01	9.97474851340893e+01	1.59542815444700e+01	1
41	71	51	61	0.00000000000000e+00	1.00000000000000e+00	0.00000000000000e+00	0.00000000000000e+00	6.25378716239908e+00	1.59875361044201e+01	9.99826480482140e+01	1.59875361044201e+01	1
42	72	52	62	0.00000000000000e+00	1.00000000000000e+00	0.00000000000000e+00	0.00000000000000e+00	6.25536893802527e+00	1.61259309149397e+01	1.00873647342055e+02	1.61259309149397e+01	1
43	73	53	63	0.00000000000000e+00	1.00000000000000e+00	0.00000000000000e+00	0.00000000000000e+00	6.25683877925223e+00	1.62472295492983e+01	1.01656295899462e+02	1.62472295492983e+01	1
44	74	54	64	0.00000000000000e+00	1.00000000000000e+00	0.00000000000000e+00	0.00000000000000e+00	6.25820644949564e+00	1.62663543670670e+01	1.01798203809761e+02	1.62663543670670e+01	1
45	75	55	65	0.00000000000000e+00	1.00000000000000e+00	0.00000000000000e+00	0.00000000000000e+00	6.25948070476616e+00	1.62207247551591e+01	1.01533313622241e+02	1.62207247551591e+01	1
46	76	56	66	0.00000000000000e+00	1.00000000000000e+00	0.00000000000000e+00	0.00000000000000e+00	6.26066941318611e+00	1.61886430718862e+01	1.01351742521145e+02	1.61886430718862e+01	1
47	77	57	67	0.00000000000000e+00	1.00000000000000e+00	0.00000000000000e+00	0.00000000000000e+00	6.26177965853892e+00	1.61211274456755e+01	1.00946947912045e+02	1.61211274456755e+01	1
48	78	58	68	0.00000000000000e+00	1.00000000000000e+00	0.00000000000000e+00	0.00000000000000e+00	6.26281783021548e+00	1.60527504411875e+01	1.00535451687068e+02	1.60527504411875e+01	1
49	79	59	69	0.00000000000000e+00	1.00000000000000e+00	0.00000000000000e+00	0.00000000000000e+00	6.26378970153871e+00	1.60073578044632e+01	1.00266722964442e+02	1.60073578044632e+01	1
50	80	60	70	0.00000000000000e+00	1.00000000000000e+00	0.00000000000000e+00	0.00000000000000e+00	6.26470049813139e+00	1.60683851614368e+01	1.00663620525020e+02	1.60683851614368e+01	1
51	81	61	71	0.00000000000000e+00	1.00000000000000e+00	0.00000000000000e+00	0.00000000000000e+00	6.26555495773143e+00	1.61889088250773e+01	1.01432497949225e+02	1.61889088250773e+01	1
52	82	62	72	0.00000000000000e+00	1.00000000000000e+00	0.00000000000000e+00	0.00000000000000e+00	6.26635738264137e+00	1.62059961919434e+01	1.01552563880442e+02	1.62059961919434e+01	1
53	83	63	73	0.00000000000000e+00	1.00000000000000e+00	0.00000000000000e+00	0.00000000000000e+00	6.26711168581902e+00	1.61561204269194e+01	1.01252211125046e+02	1.61561204269194e+01	1
54	84	64	74	0.00000000000000e+00	1.00000000000000e+00	0.00000000000000e+00	0.00000000000000e+00	6.26782143146463e+00	1.61095917528787e+01	1.00972044440839e+02	1.61095917528787e+01	1
55	85	65	75	0.00000000000000e+00	1.00000000000000e+00	0.00000000000000e+00	0.00000000000000e+00	6.26848987083460e+00	1.60793101211864e+01	1.00792992624665e+02	1.60793101211864e+01	1
56	86	66	76	0.00000000000000e+00	1.00000000000000e+00	0.00000000000000e+00	0.00000000000000e+00	6.26911997390480e+00	1.60101436781283e+01	1.00369511517640e+02	1.60101436781283e+01	1
57	87	67	77	0.00000000000000e+00	1.00000000000000e+00	0.00000000000000e+00	0.00000000000000e+00	6.26971445741804e+00	1.58450987624291e+01	9.93442447900188e+01	1.58450987624291e+01	1
58	88	68	78	0.00000000000000e+00	1.00000000000000e+00	0.00000000000000e+00	0.00000000000000e+00	6.27027580977427e+00	1.56810491080232e+01	9.83245028939201e+01	1.56810491080232e+01	1
59	89	69	79	0.00000000000000e+00	1.00000000000000e+00	0.00000000000000e+00	0.00000000000000e+00	6.27080631315834e+00	1.55512126756734e+01	9.75186426238808e+01	1.55512126756734e+01	1
60	90	70	80	0.00000000000000e+00	1.00000000000000e+00	0.00000000000000e+00	0.00000000000000e+00	6.27130806324641e+00	1.54227698021075e+01	9.67209406175499e+01	1.54227698021075e+01	1
61	91	71	81	0.00000000000000e+00	1.00000000000000e+00	0.00000000000000e+00	0.00000000000000e+00	6.27178298678506e+00	1.53140825196975e+01	9.60466022052610e+01	1.53140825196975e+01	1
62	92	72	82	0.00000000000000e+00	1.00000000000000e+00	0.00000000000000e+00	0.00000000000000e+00	6.27223285729876e+00	1.51905653342514e+01	9.52787630104351e+01	1.51905653342514e+01	1
63	93	73	83	0.00000000000000e+00	1.00000000000000e+00	0.00000000000000e+00	0.00000000000000e+00	6.27265930914715e+00	1.50719407473136e+01	9.45411494355508e+01	1.50719407473136e+01	1
64	94	74	84	0.00000000000000e+00	1.00000000000000e+00	0.00000000000000e+00	0.00000000000000e+00	6.27306385012493e+00	1.48974217550174e+01	9.34524778714644e+01	1.48974217550174e+01	1
65	95	75	85	0.00000000000000e+00	1.00000000000000e+00	0.00000000000000e+00	0.00000000000000e+00	6.27344787277239e+00	1.47007280404524e+01	9.22242510535818e+01	1.47007280404524e+01	1
66	96	76	86	0.00000000000000e+00	1.00000000000000e+00	0.00000000000000e+00	0.00000000000000e+00	6.27381266454348e+00	1.45483136283428e+01	9.12733942892473e+01	1.45483136283428e+01	1
67	97	77	87	0.00000000000000e+00	1.00000000000000e+00	0.00000000000000e+00	0.00000000000000e+00	6.27415941695973e+00	1.43789573433265e+01	9.02158706216940e+01	1.43789573433265e+01	1
68	98	78	88	0.00000000000000e+00	1.00000000000000e+00	0.00000000000000e+00	0.00000000000000e+00	6.27448923386247e+00	1.41523332605601e+01	8.87986626774179e+01	1.41523332605601e+01	1
69	99	79	89	0.00000000000000e+00	1.00000000000000e+00	0.00000000000000e+00	0.00000000000000e+00	6.27480313886256e+00	1.37736542176094e+01	8.64269687182630e+01	1.37736542176094e+01	1
70	100	80	90	0.00000000000000e+00	1.00000000000000e+00	0.00000000000000e+00	0.00000000000000e+00	6.27510208207399e+00	1.32508956357973e+01	8.31507227935368e+01	1.32508956357973e+01	1
71	101	81	91	0.00000000000000e+00	1.00000000000000e+00	0.00000000000000e+00	0.00000000000000e+00	6.27538694620842e+00	1.26112874329509e+01	7.91407085316222e+01	1.26112874329509e+01	1
72	102	82	92	0.00000000000000e+00	1.00000000000000e+00	0.00000000000000e+00	0.00000000000000e+00	6.27565855209799e+00	1.19146568722321e+01	7.47723182955364e+01	1.19146568722321e+01	1
73	103	83	93	0.00000000000000e+00	1.00000000000000e+00	0.00000000000000e+00	0.00000000000000e+00	6.27591766370610e+00	1.13337102372305e+01	7.11294322731615e+01	1.13337102372305e+01	1
74	104	84	94	0.00000000000000e+00	1.00000000000000e+00	0.00000000000000e+00	0.00000000000000e+00	6.27616499267912e+00	1.10050573406032e+01	6.90695556235201e+01	1.10050573406032e+01	1
75	105	85	95	0.00000000000000e+00	1.00000000000000e+00	0.00000000000000e+00	0.00000000000000e+00	6.27640120248584e+00	1.09515861404053e+01	6.87365484207670e+01	1.09515861404053e+01	1
76	106	86	96	0.00000000000000e+00	1.00000000000000e+00	0.00000000000000e+00	0.00000000000000e+00	6.27662691218620e+00	1.09260388571994e+01	6.85786695346901e+01	1.09260388571994e+01	1
77	107	87	97	0.00000000000000e+00	1.00000000000000e+00	0.00000000000000e+00	0.00000000000000e+00	6.27684269986635e+00	1.08734366319326e+01	6.82508513456058e+01	1.08734366319326e+01	1
78	108	88	98	0.00000000000000e+00	1.00000000000000e+00	0.00000000000000e+00	0.00000000000000e+00	6.27704910577299e+00	1.09228909682863e+01	6.85635229849375e+01	1.09228909682863e+01	1
79	109	89	99	0.00000000000000e+00	1.00000000000000e+00	0.00000000000000e+00	0.00000000000000e+00	6.27724663517611e+00	1.10711868762214e+01	6.94965705661666e+01	1.10711868762214e+01	1
80	110	90	100	0.00000000000000e+00	1.00000000000000e+00	0.00000000000000e+00	0.00000000000000e+00	6.27743576098673e+00	1.11700380049906e+01	7.01191960241086e+01	1.11700380049906e+01	1
81	111	91	101	0.00000000000000e+00	1.00000000000000e+00	0.00000000000000e+00	0.00000000000000e+00	6.27761692615265e+00	1.11887012486641e+01	7.02383803402790e+01	1.11887012486641e+01	1
82	112	92	102	0.00000000000000e+00	1.00000000000000e+00	0.00000000000000e+00	0.00000000000000e+00	6.27779054585334e+00	1.11531587958562e+01	7.00171948450269e+01	1.11531587958562e+01	1
83	113	93	103	0.00000000000000e+00	1.00000000000000e+00	0.00000000000000e+00	0.00000000000000e+00	6.27795700951284e+00	1.09946288512875e+01	6.90238072639327e+01	1.09946288512875e+01	1
84	114	94	104	0.00000000000000e+00	1.00000000000000e+00	0.00000000000000e+00	0.00000000000000e+00	6.27811668264723e+00	1.06828550588947e+01	6.70682105635493e+01	1.06828550588947e+01	1
85	115	95	105	0.00000000000000e+00	1.00000000000000e+00	0.00000000000000e+00	0.00000000000000e+00	6.27826990856217e+00	1.02232419188321e+01	6.41842721069550e+01	1.02232419188321e+01	1
86	116	96	106	0.00000000000000e+00	1.00000000000000e+00	0.00000000000000e+00	0.00000000000000e+00	6.27841700991376e+00	9.70451637217511e+00	6.09290006640508e+01	9.70451637217511e+00	1
87	117	97	107	0.00000000000000e+00	1.00000000000000e+00	0.00000000000000e+00	0.00000000000000e+00	6.27855829014521e+00	9.18867148387583e+00	5.76916095205095e+01	9.18867148387583e+00	1
88	118	98	108	0.00000000000000e+00	1.00000000000000e+00	0.00000000000000e+00	0.00000000000000e+00	6.27869403481016e+00	8.59636051714302e+00	5.39739175000634e+01	8.59636051714302e+00	1
89	119	99	109	0.00000000000000e+00	1.00000000000000e+00	0.00000000000000e+00	0.00000000000000e+00	6.27882451279288e+00	7.76177374140874e+00	4.87348152303093e+01	7.76177374140874e+00	1
90	120	100	110	0.00000000000000e+00	1.00000000000000e+00	0.00000000000000e+00	0.00000000000000e+00	6.27894997743398e+00	6.72640434043991e+00	4.22347563816170e+01	6.72640434043991e+00	1
91	121	101	111	0.00000000000000e+00	1.00000000000000e+00	0.00000000000000e+00	0.00000000000000e+00	6.27907066757009e+00	5.57360459363656e+00	3.49970571165372e+01	5.57360459363656e+00	1
92	122	102	112	0.00000000000000e+00	1.00000000000000e+00	0.00000000000000e+00	0.00000000000000e+00	6.27918680849467e+00	4.35228152443616e+00	2.73287887350946e+01	4.35228152443616e+00	1
93	123	103	113	0.00000000000000e+00	1.00000000000000e+00	0.00000000000000e+00	0.00000000000000e+00	6.27929861284663e+00	3.30013891969711e+00	2.07225577406552e+01	3.30013891969711e+00	1
94	124	104	114	0.00000000000000e+00	1.00000000000000e+00	0.00000000000000e+00	0.00000000000000e+00	6.27940628143306e+00	2.67433398788292e+00	1.67932296421620e+01	2.67433398788292e+00	1
95	125	105	115	0.00000000000000e+00	1.00000000000000e+00	0.00000000000000e+00	0.00000000000000e+00	6.27951000399101e+00	2.46627511464018e+00	1.54869992549771e+01	2.46627511464018e+00	1
96	126	106	116	0.00000000000000e+00	1.00000000000000e+00	0.00000000000000e+00	0.00000000000000e+00	6.27960995989393e+00	2.38015150233809e+00	1.49464230801388e+01	2.38015150233809e+00	1
97	127	107	117	0.00000000000000e+00	1.00000000000000e+00	0.00000000000000e+00	0.00000000000000e+00	6.27970631880686e+00	2.34608782104369e+00	1.47327425142839e+01	2.34608782104369e+00	1
98	128	108	118	0.00000000000000e+00	1.00000000000000e+00	0.00000000000000e+00	0.00000000000000e+00	6.27979924129469e+00	2.34564503388660e+00	1.47301799041477e+01	2.34564503388660e+00	1
99	129	109	119	0.00000000000000e+00	1.00000000000000e+00	0.00000000000000e+00	0.00000000000000e+00	6.27988887938724e+00	2.33623001030958e+00	1.46712648614339e+01	2.33623001030958e+00	1
100	130	110	120	0.00000000000000e+00	1.00000000000000e+00	0.00000000000000e+00	0.00000000000000e+00	6.27997537710448e+00	2.32177458752916e+00	1.45806872408701e+01	2.32177458752916e+00	1
101	131	111	121	0.00000000000000e+00	1.00000000000000e+00	0.00000000000000e+00	0.00000000000000e+00	6.28005887094513e+00	2.26102741224994e+00	1.41993852577503e+01	2.26102741224994e+00	1
102	132	112	122	0.00000000000000e+00	1.00000000000000e+00	0.00000000000000e+00	0.00000000000000e+00	6.28013949034150e+00	2.17864467876584e+00	1.36821924825397e+01	2.17864467876584e+00	1
103	133	113	123	0.00000000000000e+00	1.00000000000000e+00	0.00000000000000e+00	0.00000000000000e+00	6.28021735808303e+00	2.08585453525716e+00	1.30996198587582e+01	2.08585453525716e+00	1
104	134	114	124	0.00000000000000e+00	1.00000000000000e+00	0.00000000000000e+00	0.00000000000000e+00	6.28029259071114e+00	1.99151512822694e+00	1.25072977040928e+01	1.99151512822694e+00	1
105	135	115	125	0.00000000000000e+00	1.00000000000000e+00	0.00000000000000e+00	0.00000000000000e+00	6.28036529888741e+00	1.90745875574936e+00	1.19795377786672e+01	1.90745875574936e+00	1
106	136	116	126	0.00000000000000e+00	1.00000000000000e+00	0.00000000000000e+00	0.00000000000000e+00	6.28043558773710e+00	1.84451439474723e+00	1.15843538468639e+01	1.84451439474723e+00	1
107	137	117	127	0.00000000000000e+00	1.00000000000000e+00	0.00000000000000e+00	0.00000000000000e+00	6.28050355717001e+00	1.79688084590033e+00	1.12853165444877e+01	1.79688084590033e+00	1
108	138	118	128	0.00000000000000e+00	1.00000000000000e+00	0.00000000000000e+00	0.00000000000000e+00	6.28056930218015e+00	1.76125886691846e+00	1.10617083727607e+01	1.76125886691846e+00	1
109	139	119	129	0.00000000000000e+00	1.00000000000000e+00	0.00000000000000e+00	0.00000000000000e+00	6.28063291312590e+00	1.73400538222835e+00	1.08906512751608e+01	1.73400538222835e+00	1
110	140	120	130	0.00000000000000e+00	1.00000000000000e+00	0.00000000000000e+00	0.00000000000000e+00	6.28069447599209e+00	1.71251451859584e+00	1.07557804770011e+01	1.71251451859584e+00	1
111	141	121	131	0.00000000000000e+00	1.00000000000000e+00	0.00000000000000e+00	0.00000000000000e+00	6.28075407263518e+00	1.69520152651133e+00	1.06471438915734e+01	1.69520152651133e+00	1
112	142	122	132	0.00000000000000e+00	1.00000000000000e+00	0.00000000000000e+00	0.00000000000000e+00	6.28081178101295e+00	1.68117016027640e+00	1.05591133485514e+01	1.68117016027640e+00	1
113	143	123	133	0.00000000000000e+00	1.00000000000000e+00	0.00000000000000e+00	0.00000000000000e+00	6.28086767539960e+00	1.66969970122254e+00	1.04871628810330e+01	1.66969970122254e+00	1
114	144	124	134	0.00000000000000e+00	1.00000000000000e+00	0.00000000000000e+00	0.00000000000000e+00	6.28092182658743e+00	1.66031389527406e+00	1.04283017838132e+01	1.66031389527406e+00	1
115	145	125	135	0.00000000000000e+00	1.00000000000000e+00	0.00000000000000e+00	0.00000000000000e+00	6.28097430207595e+00	1.65235460205643e+00	1.03783967934334e+01	1.65235460205643e+00	1
116	146	126	136	0.00000000000000e+00	1.00000000000000e+00	0.00000000000000e+00	0.00000000000000e+00	6.28102516624939e+00	1.64563420202551e+00	1.03362698373629e+01	1.64563420202551e+00	1
117	147	127	137	0.00000000000000e+00	1.00000000000000e+00	0.00000000000000e+00	0.00000000000000e+00	6.28107448054329e+00	1.63996869208312e+00	1.03007655007333e+01	1.63996869208312e+00	1
118	148	128	138	0.00000000000000e+00	1.00000000000000e+00	0.00000000000000e+00	0.00000000000000e+00	6.28112230360097e+00	1.63511224565764e+00	1.02703399950913e+01	1.63511224565764e+00	1
119	149	129	139	0.00000000000000e+00	1.00000000000000e+00	0.00000000000000e+00	0.00000000000000e+00	6.28116869142065e+00	1.63105586847484e+00	1.02449370550221e+01	1.63105586847484e+00	1
120	150	130	140	0.00000000000000e+00	1.00000000000000e+00	0.00000000000000e+00	0.00000000000000e+00	6.28121369749372e+00	1.62753365626217e+00	1.02228866948460e+01	1.62753365626217e+00	1
121	151	131	141	0.00000000000000e+00	1.00000000000000e+00	0.00000000000000e+00	0.00000000000000e+00	6.28125737293477e+00	1.62443495958602e+00	1.02034940667527e+01	1.62443495958602e+00	1
122	152	132	142	0.00000000000000e+00	1.00000000000000e+00	0.00000000000000e+00	0.00000000000000e+00	6.28129976660402e+00	1.62181998920154e+00	1.01871375196454e+01	1.62181998920154e+00	1
123	153	133	143	0.00000000000000e+00	1.00000000000000e+00	0.00000000000000e+00	0.00000000000000e+00	6.28134092522257e+00	1.61955042377238e+00	1.01729483573030e+01	1.61955042377238e+00	1
124	154	134	144	0.00000000000000e+00	1.00000000000000e+00	0.00000000000000e+00	0.00000000000000e+00	6.28138089348097e+00	1.61758659389460e+00	1.01606775244405e+01	1.61758659389460e+00	1
125	155	135	145	0.00000000000000e+00	1.00000000000000e+00	0.00000000000000e+00	0.00000000000000e+00	6.28141971414149e+00	1.61587064762557e+00	1.01499617414979e+01	1.61587064762557e+00	1
126	156	136	146	0.00000000000000e+00	1.00000000000000e+00	0.00000000000000e+00	0.00000000000000e+00	6.28145742813461e+00	1.61434735071603e+00	1.01404541577447e+01	1.61434735071603e+00	1
127	157	137	147	0.00000000000000e+00	1.00000000000000e+00	0.00000000000000e+00	0.00000000000000e+00	6.28149407464996e+00	1.61302924049382e+00	1.01322336163990e+01	1.61302924049382e+00	1
128	158	138	148	0.00000000000000e+00	1.00000000000000e+00	0.00000000000000e+00	0.00000000000000e+00	6.28152969122216e+00	1.61189335941281e+00	1.01251559962354e+01	1.61189335941281e+00	1
129	159	139	149	0.00000000000000e+00	1.00000000000000e+00	0.00000000000000e+00	0.00000000000000e+00	6.28156431381189e+00	1.61091999519222e+00	1.01190975542055e+01	1.61091999519222e+00	1
130	160	140	150	0.00000000000000e+00	1.00000000000000e+00	0.00000000000000e+00	0.00000000000000e+00	6.28159797688237e+00	1.61008145764851e+00	1.01138844269807e+01	1.61008145764851e+00	1
131	161	141	151	0.00000000000000e+00	1.00000000000000e+00	0.00000000000000e+00	0.00000000000000e+00	6.28163071347169e+00	1.60937832786436e+00	1.01095203339085e+01	1.60937832786436e+00	1
132	162	142	152	0.00000000000000e+00	1.00000000000000e+00	0.00000000000000e+00	0.00000000000000e+00	6.28166255526115e+00	1.60879924887857e+00	1.01059340006128e+01	1.60879924887857e+00	1
133	163	143	153	0.00000000000000e+00	1.00000000000000e+00	0.00000000000000e+00	0.00000000000000e+00	6.28169353263983e+00	1.60834021104518e+00	1.01031003020071e+01	1.60834021104518e+00	1
134	164	144	154	0.00000000000000e+00	1.00000000000000e+00	0.00000000000000e+00	0.00000000000000e+00	6.28172367476579e+00	1.60797996036157e+00	1.01008857855522e+01	1.60797996036157e+00	1
135	165	145	155	0.00000000000000e+00	1.00000000000000e+00	0.00000000000000e+00	0.00000000000000e+00	6.28175300962381e+00	1.60771694463301e+00	1.00992807555716e+01	1.60771694463301e+00	1
136	166	146	156	0.00000000000000e+00	1.00000000000000e+00	0.00000000000000e+00	0.00000000000000e+00	6.28178156408019e+00	1.60754243429018e+00	1.00982304272006e+01	1.60754243429018e+00	1
137	167	147	157	0.00000000000000e+00	1.00000000000000e+00	0.00000000000000e+00	0.00000000000000e+00	6.28180936393463e+00	1.60745207464877e+00	1.00977074946048e+01	1.60745207464877e+00	1
138	168	148	158	0.00000000000000e+00	1.00000000000000e+00	0.00000000000000e+00	0.00000000000000e+00	6.28183643396924e+00	1.60745513644951e+00	1.00977702421195e+01	1.60745513644951e+00	1
139	169	149	159	0.00000000000000e+00	1.00000000000000e+00	0.00000000000000e+00	0.00000000000000e+00	6.28186279799522e+00	1.60754562934065e+00	1.00983810850349e+01	1.60754562934065e+00	1
140	170	150	160	0.00000000000000e+00	1.00000000000000e+00	0.00000000000000e+00	0.00000000000000e+00	6.28188847889686e+00	1.60773327977937e+00	1.00996011673851e+01	1.60773327977937e+00	1
141	171	151	161	0.00000000000000e+00	1.00000000000000e+00	0.00000000000000e+00	0.00000000000000e+00	6.28191349867345e+00	1.60801589255415e+00	1.01014167415174e+01	1.60801589255415e+00	1
142	172	152	162	0.00000000000000e+00	1.00000000000000e+00	0.00000000000000e+00	0.00000000000000e+00	6.28193787847902e+00	1.60840187457385e+00	1.01038806597022e+01	1.60840187457385e+00	1
143	173	153	163	0.00000000000000e+00	1.00000000000000e+00	0.00000000000000e+00	0.00000000000000e+00	6.28196163865994e+00	1.60889091879929e+00	1.01069910326855e+01	1.60889091879929e+00	1
144	174	154	164	0.00000000000000e+00	1.00000000000000e+00	0.00000000000000e+00	0.00000000000000e+00	6.28198479879070e+00	1.60948632739061e+00	1.01107686425293e+01	1.60948632739061e+00	1
145	175	155	165	0.00000000000000e+00	1.00000000000000e+00	0.00000000000000e+00	0.00000000000000e+00	6.28200737770794e+00	1.61021450757518e+00	1.01153794162796e+01	1.61021450757518e+00	1
146	176	156	166	0.00000000000000e+00	1.00000000000000e+00	0.00000000000000e+00	0.00000000000000e+00	6.28202939354269e+00	1.61106792153089e+00	1.01207760380507e+01	1.61106792153089e+00	1
147	177	157	167	0.00000000000000e+00	1.00000000000000e+00	0.00000000000000e+00	0.00000000000000e+00	6.28205086375097e+00	1.61204216427683e+00	1.01269308704982e+01	1.61204216427683e+00	1
148	178	158	168	0.00000000000000e+00	1.00000000000000e+00	0.00000000000000e+00	0.00000000000000e+00	6.28207180514305e+00	1.61317777284793e+00	1.01340986034914e+01	1.61317777284793e+00	1
149	179	159	169	0.00000000000000e+00	1.00000000000000e+00	0.00000000000000e+00	0.00000000000000e+00	6.28209223391108e+00	1.61448776456148e+00	1.01423610474961e+01	1.61448776456148e+00	1
150	180	160	170	0.00000000000000e+00	1.00000000000000e+00	0.00000000000000e+00	0.00000000000000e+00	6.28211216565554e+00	1.61601253944371e+00	1.01519720338912e+01	1.61601253944371e+00	1
151	181	161	171	0.00000000000000e+00	1.00000000000000e+00	0.00000000000000e+00	0.00000000000000e+00	6.28213161541026e+00	1.61775815866405e+00	1.01629696746313e+01	1.61775815866405e+00	1
152	182	162	172	0.00000000000000e+00	1.00000000000000e+00	0.00000000000000e+00	0.00000000000000e+00	6.28215059766632e+00	1.61974000146590e+00	1.01754506182731e+01	1.61974000146590e+00	1
153	183	163	173	0.00000000000000e+00	1.00000000000000e+00	0.00000000000000e+00	0.00000000000000e+00	6.28216912639480e+00	1.62200591691966e+00	1.01897154941024e+01	1.62200591691966e+00	1
154	184	164	174	0.00000000000000e+00	1.00000000000000e+00	0.00000000000000e+00	0.00000000000000e+00	6.28218721506846e+00	1.62459643075378e+00	1.02060189269273e+01	1.62459643075378e+00	1
155	185	165	175	0.00000000000000e+00	1.00000000000000e+00	0.00000000000000e+00	0.00000000000000e+00	6.28220487668227e+00	1.62760369601991e+00	1.02249398764424e+01	1.62760369601991e+00	1
156	186	166	176	0.00000000000000e+00	1.00000000000000e+00	0.00000000000000e+00	0.00000000000000e+00	6.28222212377316e+00	1.63107191504970e+00	1.02467560701903e+01	1.63107191504970e+00	1
157	187	167	177	0.00000000000000e+00	1.00000000000000e+00	0.00000000000000e+00	0.00000000000000e+00	6.28223896843877e+00	1.63508807285308e+00	1.02720140081071e+01	1.63508807285308e+00	1
158	188	168	178	0.00000000000000e+00	1.00000000000000e+00	0.00000000000000e+00	0.00000000000000e+00	6.28225542235522e+00	1.63981504807070e+00	1.03017369774018e+01	1.63981504807070e+00	1
159	189	169	179	0.00000000000000e+00	1.00000000000000e+00	0.00000000000000e+00	0.00000000000000e+00	6.28227149679427e+00	1.64528457422881e+00	1.03361243847929e+01	1.64528457422881e+00	1
160	190	170	180	0.00000000000000e+00	1.00000000000000e+00	0.00000000000000e+00	0.00000000000000e+00	6.28228720263946e+00	1.65165920543302e+00	1.03761974894135e+01	1.65165920543302e+00	1
161	191	171	181	0.00000000000000e+00	1.00000000000000e+00	0.00000000000000e+00	0.00000000000000e+00	6.28230255040170e+00	1.65915914820211e+00	1.04233397482724e+01	1.65915914820211e+00	1
162	192	172	182	0.00000000000000e+00	1.00000000000000e+00	0.00000000000000e+00	0.00000000000000e+00	6.28231755023407e+00	1.66796314238230e+00	1.04786741225319e+01	1.66796314238230e+00	1
163	193	173	183	0.00000000000000e+00	1.00000000000000e+00	0.00000000000000e+00	0.00000000000000e+00	6.28233221194598e+00	1.67858197019321e+00	1.05454095817365e+01	1.67858197019321e+00	1
164	194	174	184	0.00000000000000e+00	1.00000000000000e+00	0.00000000000000e+00	0.00000000000000e+00	6.28234654501655e+00	1.69129728572725e+00	1.06253156595845e+01	1.69129728572725e+00	1
165	195	175	185	0.00000000000000e+00	1.00000000000000e+00	0.00000000000000e+00	0.00000000000000e+00	6.28236055860772e+00	1.70688279608039e+00	1.07232531562615e+01	1.70688279608039e+00	1
166	196	176	186	0.00000000000000e+00	1.00000000000000e+00	0.00000000000000e+00	0.00000000000000e+00	6.28237426157641e+00	1.72634049367728e+00	1.08455170841953e+01	1.72634049367728e+00	1
167	197	177	187	0.00000000000000e+00	1.00000000000000e+00	0.00000000000000e+00	0.00000000000000e+00	6.28238766248636e+00	1.75097985959090e+00	1.10003342671560e+01	1.75097985959090e+00	1
168	198	178	188	0.00000000000000e+00	1.00000000000000e+00	0.00000000000000e+00	0.00000000000000e+00	6.28240076961942e+00	1.78293134843956e+00	1.12010892756153e+01	1.78293134843956e+00	1
169	199	179	189	0.00000000000000e+00	1.00000000000000e+00	0.00000000000000e+00	0.00000000000000e+00	6.28241359098624e+00	1.82454188596475e+00	1.14625267417086e+01	1.82454188596475e+00	1
170	200	180	190	0.00000000000000e+00	1.00000000000000e+00	0.00000000000000e+00	0.00000000000000e+00	6.28242613433673e+00	1.87740553623086e+00	1.17946616055652e+01	1.87740553623086e+00	1
171	201	181	191	0.00000000000000e+00	1.00000000000000e+00	0.00000000000000e+00	0.00000000000000e+00	6.28243840716974e+00	1.94585476173222e+00	1.22247126898806e+01	1.94585476173222e+00	1
172	202	182	192	0.00000000000000e+00	1.00000000000000e+00	0.00000000000000e+00	0.00000000000000e+00	6.28245041674262e+00	2.02262553012715e+00	1.27070446046615e+01	2.02262553012715e+00	1
173	203	183	193	0.00000000000000e+00	1.00000000000000e+00	0.00000000000000e+00	0.00000000000000e+00	6.28246217008020e+00	2.10181470645626e+00	1.32045713818297e+01	2.10181470645626e+00	1
174	204	184	194	0.00000000000000e+00	1.00000000000000e+00	0.00000000000000e+00	0.00000000000000e+00	6.28247367398349e+00	2.17805631608063e+00	1.36835814662300e+01	2.17805631608063e+00	1
175	205	185	195	0.00000000000000e+00	1.00000000000000e+00	0.00000000000000e+00	0.00000000000000e+00	6.28248493503785e+00	2.24413988228016e+00	1.40987750025428e+01	2.24413988228016e+00	1
176	206	186	196	0.00000000000000e+00	1.00000000000000e+00	0.00000000000000e+00	0.00000000000000e+00	6.28249595962107e+00	2.28435681032161e+00	1.43514624311784e+01	2.28435681032161e+00	1
177	207	187	197	0.00000000000000e+00	1.00000000000000e+00	0.00000000000000e+00	0.00000000000000e+00	6.28250675391086e+00	2.32296832465802e+00	1.45940641887850e+01	2.32296832465802e+00	1
178	208	188	198	0.00000000000000e+00	1.00000000000000e+00	0.00000000000000e+00	0.00000000000000e+00	6.28251732389217e+00	2.33855142409646e+00	1.46919898346987e+01	2.33855142409646e+00	1
179	209	189	199	0.00000000000000e+00	1.00000000000000e+00	0.00000000000000e+00	0.00000000000000e+00	6.28252767536424e+00	2.37508553668003e+00	1.49215406155496e+01	2.37508553668003e+00	1
180	210	190	200	0.00000000000000e+00	1.00000000000000e+00	0.00000000000000e+00	0.00000000000000e+00	6.28253781394716e+00	2.48901958511708e+00	1.56373596631531e+01	2.48901958511708e+00	1
181	211	191	201	0.00000000000000e+00	1.00000000000000e+00	0.00000000000000e+00	0.00000000000000e+00	6.28254774508840e+00	2.80823408691835e+00	1.76428647304492e+01	2.80823408691835e+00	1
182	212	192	202	0.00000000000000e+00	1.00000000000000e+00	0.00000000000000e+00	0.00000000000000e+00	6.28255747406893e+00	3.82403549869572e+00	2.40247228034357e+01	3.82403549869572e+00	1
183	213	193	203	0.00000000000000e+00	1.00000000000000e+00	0.00000000000000e+00	0.00000000000000e+00	6.28256700600916e+00	5.54233768402756e+00	3.48201078698328e+01	5.54233768402756e+00	1
184	214	194	204	0.00000000000000e+00	1.00000000000000e+00	0.00000000000000e+00	0.00000000000000e+00	6.28257634587451e+00	7.60180465912600e+00	4.77589181373837e+01	7.60180465912600e+00	1
185	215	195	205	0.00000000000000e+00	1.00000000000000e+00	0.00000000000000e+00	0.00000000000000e+00	6.28258549848104e+00	9.63620896269641e+00	6.05403066893695e+01	9.63620896269641e+00	1
186	216	196	206	0.00000000000000e+00	1.00000000000000e+00	0.00000000000000e+00	0.00000000000000e+00	6.28259446850048e+00	1.16100744921646e+01	7.29413897833517e+01	1.16100744921646e+01	1
187	217	197	207	0.00000000000000e+00	1.00000000000000e+00	0.00000000000000e+00	0.00000000000000e+00	6.28260326046535e+00	1.34301371933773e+01	8.43762237196092e+01	1.34301371933773e+01	1
188	218	198	208	0.00000000000000e+00	1.00000000000000e+00	0.00000000000000e+00	0.00000000000000e+00	6.28261187877380e+00	1.50154031731026e+01	9.43359503399121e+01	1.50154031731026e+01	1
189	219	199	209	0.00000000000000e+00	1.00000000000000e+00	0.00000000000000e+00	0.00000000000000e+00	6.28262032769410e+00	1.64360480443986e+01	1.03261449550696e+02	1.64360480443986e+01	1
190	220	200	210	0.00000000000000e+00	1.00000000000000e+00	0.00000000000000e+00	0.00000000000000e+00	6.28262861136931e+00	1.77852633370053e+01	1.11738204301807e+02	1.77852633370053e+01	1
191	221	201	211	0.00000000000000e+00	1.00000000000000e+00	0.00000000000000e+00	0.00000000000000e+00	6.28263673382136e+00	1.89474677021267e+01	1.19040056598275e+02	1.89474677021267e+01	1
192	222	202	212	0.00000000000000e+00	1.00000000000000e+00	0.00000000000000e+00	0.00000000000000e+00	6.28264469895525e+00	1.96009708738957e+01	1.23145935755257e+02	1.96009708738957e+01	1
193	223	203	213	0.00000000000000e+00	1.00000000000000e+00	0.00000000000000e+00	0.00000000000000e+00	6.28265251056297e+00	1.99425658632916e+01	1.25292211488076e+02	1.99425658632916e+01	1
194	224	204	214	0.00000000000000e+00	1.00000000000000e+00	0.00000000000000e+00	0.00000000000000e+00	6.28266017232732e+00	2.00088248374160e+01	1.25708646901107e+02	2.00088248374160e+01	1
195	225	205	215	0.00000000000000e+00	1.00000000000000e+00	0.00000000000000e+00	0.00000000000000e+00	6.28266768782554e+00	1.99451705542383e+01	1.25308878569282e+02	1.99451705542383e+01	1
196	226	206	216	0.00000000000000e+00	1.00000000000000e+00	0.00000000000000e+00	0.00000000000000e+00	6.28267506053284e+00	1.97568522179952e+01	1.24125882704632e+02	1.97568522179952e+01	1
197	227	207	217	0.00000000000000e+00	1.00000000000000e+00	0.00000000000000e+00	0.00000000000000e+00	6.28268229382579e+00	1.93292475806406e+01	1.21439521527865e+02	1.93292475806406e+01	1
198	228	208	218	0.00000000000000e+00	1.00000000000000e+00	0.00000000000000e+00	0.00000000000000e+00	6.28268939098552e+00	1.89435936245761e+01	1.19016714692265e+02	1.89435936245761e+01	1
199	229	209	219	0.00000000000000e+00	1.00000000000000e+00	0.00000000000000e+00	0.00000000000000e+00	6.28269635520094e+00	1.87302947162040e+01	1.17676754345335e+02	1.87302947162040e+01	1
200	230	210	220	0.00000000000000e+00	1.00000000000000e+00	0.00000000000000e+00	0.00000000000000e+00	6.28270318957168e+00	1.86240374088229e+01	1.17009299231114e+02	1.86240374088229e+01	1
201	231	211	221	0.00000000000000e+00	1.00000000000000e+00	0.00000000000000e+00	0.00000000000000e+00	6.28270989711100e+00	1.86426055073628e+01	1.17126082129045e+02	1.86426055073628e+01	1
202	232	212	222	0.00000000000000e+00	1.00000000000000e+00	0.00000000000000e+00	0.00000000000000e+00	6.28271648074863e+00	1.90312300210231e+01	1.19567822502000e+02	1.90312300210231e+01	1
203	233	213	223	0.00000000000000e+00	1.00000000000000e+00	0.00000000000000e+00	0.00000000000000e+00	6.28272294333342e+00	1.97559917937586e+01	1.24121422910954e+02	1.97559917937586e+01	1
204	234	214	224	0.00000000000000e+00	1.00000000000000e+00	0.00000000000000e+00	0.00000000000000e+00	6.28272928763594e+00	2.06123383318728e+01	1.29501741724318e+02	2.06123383318728e+01	1
205	235	215	225	0.00000000000000e+00	1.00000000000000e+00	0.00000000000000e+00	0.00000000000000e+00	6.28273551635100e+00	2.13997305641966e+01	1.34448847256020e+02	2.13997305641966e+01	1
206	236	216	226	0.00000000000000e+00	1.00000000000000e+00	0.00000000000000e+00	0.00000000000000e+00	6.28274163210004e+00	2.20783146612137e+01	1.38712346688612e+02	2.20783146612137e+01	1
207	237	217	227	0.00000000000000e+00	1.00000000000000e+00	0.00000000000000e+00	0.00000000000000e+00	6.28274763743344e+00	2.26764101326647e+01	1.42470162186471e+02	2.26764101326647e+01	1
208	238	218	228	0.00000000000000e+00	1.00000000000000e+00	0.00000000000000e+00	0.00000000000000e+00	6.28275353483278e+00	2.33673132471642e+01	1.46811069903166e+02	2.33673132471642e+01	1
209	239	219	229	0.00000000000000e+00	1.00000000000000e+00	0.00000000000000e+00	0.00000000000000e+00	6.28275932671299e+00	2.41382138799149e+01	1.51654588384228e+02	2.41382138799149e+01	1
210	240	220	230	0.00000000000000e+00	1.00000000000000e+00	0.00000000000000e+00	0.00000000000000e+00	6.28276501542443e+00	2.47719069562253e+01	1.55636070389921e+02	2.47719069562253e+01	1
211	241	221	231	0.00000000000000e+00	1.00000000000000e+00	0.00000000000000e+00	0.00000000000000e+00	6.28277060325487e+00	2.51984071300140e+01	1.58315811565300e+02	2.51984071300140e+01	1
212	242	222	232	0.00000000000000e+00	1.00000000000000e+00	0.00000000000000e+00	0.00000000000000e+00	6.28277609243148e+00	2.54702964673768e+01	1.60024169712377e+02	2.54702964673768e+01	1
213	243	223	233	0.00000000000000e+00	1.00000000000000e+00	0.00000000000000e+00	0.00000000000000e+00	6.28278148512264e+00	2.58329529681159e+01	1.62302798614122e+02	2.58329529681159e+01	1
214	244	224	234	0.00000000000000e+00	1.00000000000000e+00	0.00000000000000e+00	0.00000000000000e+00	6.28278678343979e+00	2.62909954245244e+01	1.65180718576678e+02	2.62909954245244e+01	1
215	245	225	235	0.00000000000000e+00	1.00000000000000e+00	0.00000000000000e+00	0.00000000000000e+00	6.28279198943914e+00	2.67256643929502e+01	1.67911790160467e+02	2.67256643929502e+01	1
216	246	226	236	0.00000000000000e+00	1.00000000000000e+00	0.00000000000000e+00	0.00000000000000e+00	6.28279710512334e+00	2.70493265635361e+01	1.69945430628920e+02	2.70493265635361e+01	1
217	247	227	237	0.00000000000000e+00	1.00000000000000e+00	0.00000000000000e+00	0.00000000000000e+00	6.28280213244313e+00	2.73080399087564e+01	1.71571011371577e+02	2.73080399087564e+01	1
218	248	228	238	0.00000000000000e+00	1.00000000000000e+00	0.00000000000000e+00	0.00000000000000e+00	6.28280707329887e+00	2.75875664709489e+01	1.73327357758780e+02	2.75875664709489e+01	1
219	249	229	239	0.00000000000000e+00	1.00000000000000e+00	0.00000000000000e+00	0.00000000000000e+00	6.28281192954211e+00	2.77577698935253e+01	1.74396847824526e+02	2.77577698935253e+01	1
220	250	230	240	0.00000000000000e+00	1.00000000000000e+00	0.00000000000000e+00	0.00000000000000e+00	6.28281670297697e+00	2.78174411736271e+01	1.74771884039744e+02	2.78174411736271e+01	1
221	251	231	241	0.00000000000000e+00	1.00000000000000e+00	0.00000000000000e+00	0.00000000000000e+00	6.28282139536161e+00	2.78804341625834e+01	1.75167788268650e+02	2.78804341625834e+01	1
222	252	232	242	0.00000000000000e+00	1.00000000000000e+00	0.00000000000000e+00	0.00000000000000e+00	6.28282600840955e+00	2.79836615674347e+01	1.75816476706409e+02	2.79836615674347e+01	1
223	253	233	243	0.00000000000000e+00	1.00000000000000e+00	0.00000000000000e+00	0.00000000000000e+00	6.28283054379102e+00	2.80865365185807e+01	1.76462949508241e+02	2.80865365185807e+01	1
224	254	234	244	0.00000000000000e+00	1.00000000000000e+00	0.00000000000000e+00	0.00000000000000e+00	6.28283500313424e+00	2.80162522944086e+01	1.76021490571950e+02	2.80162522944086e+01	1
225	255	235	245	0.00000000000000e+00	1.00000000000000e+00	0.00000000000000e+00	0.00000000000000e+00	6.28283938802659e+00	2.78183906016365e+01	1.74778480183471e+02	2.78183906016365e+01	1
226	256	236	246	0.00000000000000e+00	1.00000000000000e+00	0.00000000000000e+00	0.00000000000000e+00	6.28284370001585e+00	2.76073767452811e+01	1.73452833058053e+02	2.76073767452811e+01	1
227	257	237	247	0.00000000000000e+00	1.00000000000000e+00	0.00000000000000e+00	0.00000000000000e+00	6.28284794061134e+00	2.74512861795344e+01	1.72472256840220e+02	2.74512861795344e+01	1
228	258	238	248	0.00000000000000e+00	1.00000000000000e+00	0.00000000000000e+00	0.00000000000000e+00	6.28285211128504e+00	2.74363235978884e+01	1.72378363642893e+02	2.74363235978884e+01	1
229	259	239	249	0.00000000000000e+00	1.00000000000000e+00	0.00000000000000e+00	0.00000000000000e+00	6.28285621347261e+00	2.74705544787268e+01	1.72593543894206e+02	2.74705544787268e+01	1
230	260	240	250	0.00000000000000e+00	1.00000000000000e+00	0.00000000000000e+00	0.00000000000000e+00	6.28286024857451e+00	2.75519695285517e+01	1.73105174120874e+02	2.75519695285517e+01	1
231	261	241	251	0.00000000000000e+00	1.00000000000000e+00	0.00000000000000e+00	0.00000000000000e+00	6.28286421795693e+00	2.75886255200214e+01	1.73335588102356e+02	2.75886255200214e+01	1
232	262	242	252	0.00000000000000e+00	1.00000000000000e+00	0.00000000000000e+00	0.00000000000000e+00	6.28286812295284e+00	2.75949542269594e+01	1.73375458266906e+02	2.75949542269594e+01	1
233	263	243	253	0.00000000000000e+00	1.00000000000000e+00	0.00000000000000e+00	0.00000000000000e+00	6.28287196486285e+00	2.76639403514275e+01	1.73808995271622e+02	2.76639403514275e+01	1
234	264	244	254	0.00000000000000e+00	1.00000000000000e+00	0.00000000000000e+00	0.00000000000000e+00	6.28287574495618e+00	2.77299395503195e+01	1.74223764609803e+02	2.77299395503195e+01	1
235	265	245	255	0.00000000000000e+00	1.00000000000000e+00	0.00000000000000e+00	0.00000000000000e+00	6.28287946447152e+00	2.78428544860100e+01	1.74933298682421e+02	2.78428544860100e+01	1
236	266	246	256	0.00000000000000e+00	1.00000000000000e+00	0.00000000000000e+00	0.00000000000000e+00	6.28288312461788e+00	2.79502392738388e+01	1.75608086662634e+02	2.79502392738388e+01	1
237	267	247	257	0.00000000000000e+00	1.00000000000000e+00	0.00000000000000e+00	0.00000000000000e+00	6.28288672657542e+00	2.82017691700145e+01	1.77188521184228e+02	2.82017691700145e+01	1
238	268	248	258	0.00000000000000e+00	1.00000000000000e+00	0.00000000000000e+00	0.00000000000000e+00	6.28289027149625e+00	2.85787005014183e+01	1.79556839352366e+02	2.85787005014183e+01	1
239	269	249	259	0.00000000000000e+00	1.00000000000000e+00	0.00000000000000e+00	0.00000000000000e+00	6.28289376050522e+00	2.88374182748185e+01	1.81182435347936e+02	2.88374182748185e+01	1
240	270	250	260	0.00000000000000e+00	1.00000000000000e+00	0.00000000000000e+00	0.00000000000000e+00	6.28289719470065e+00	2.89429586421073e+01	1.81845633658833e+02	2.89429586421073e+01	1
241	271	251	261	0.00000000000000e+00	1.00000000000000e+00	0.00000000000000e+00	0.00000000000000e+00	6.28290057515506e+00	2.89264055300900e+01	1.81741729942171e+02	2.89264055300900e+01	1
242	272	252	262	0.00000000000000e+00	1.00000000000000e+00	0.00000000000000e+00	0.00000000000000e+00	6.28290390291588e+00	2.88762999580564e+01	1.81427017708242e+02	2.88762999580564e+01	1
243	273	253	263	0.00000000000000e+00	1.00000000000000e+00	0.00000000000000e+00	0.00000000000000e+00	6.28290717900613e+00	2.87935792613185e+01	1.80907385850220e+02	2.87935792613185e+01	1
244	274	254	264	0.00000000000000e+00	1.00000000000000e+00	0.00000000000000e+00	0.00000000000000e+00	6.28291040442508e+00	2.86162951954035e+01	1.79793618819300e+02	2.86162951954035e+01	1
245	275	255	265	0.00000000000000e+00	1.00000000000000e+00	0.00000000000000e+00	0.00000000000000e+00	6.28291358014890e+00	2.84720156887717e+01	1.78887214025196e+02	2.84720156887717e+01	1
246	276	256	266	0.00000000000000e+00	1.00000000000000e+00	0.00000000000000e+00	0.00000000000000e+00	6.28291670713127e+00	2.85506745301981e+01	1.79381510005649e+02	2.85506745301981e+01	1
247	277	257	267	0.00000000000000e+00	1.00000000000000e+00	0.00000000000000e+00	0.00000000000000e+00	6.28291978630398e+00	2.87998202419590e+01	1.80946960440202e+02	2.87998202419590e+01	1
248	278	258	268	0.00000000000000e+00	1.00000000000000e+00	0.00000000000000e+00	0.00000000000000e+00	6.28292281857754e+00	2.89324976800882e+01	1.81780649872668e+02	2.89324976800882e+01	1
249	279	259	269	0.00000000000000e+00	1.00000000000000e+00	0.00000000000000e+00	0.00000000000000e+00	6.28292580484169e+00	2.88589448130796e+01	1.81318609066600e+02	2.88589448130796e+01	1
250	280	260	270	0.00000000000000e+00	1.00000000000000e+00	0.00000000000000e+00	0.00000000000000e+00	6.28292874596602e+00	2.87038702057283e+01	1.80344371236048e+02	2.87038702057283e+01	1
251	281	261	271	0.00000000000000e+00	1.00000000000000e+00	0.00000000000000e+00	0.00000000000000e+00	6.28293164280045e+00	2.85440837598021e+01	1.79340527069207e+02	2.85440837598021e+01	1
252	282	262	272	0.00000000000000e+00	1.00000000000000e+00	0.00000000000000e+00	0.00000000000000e+00	6.28293449617576e+00	2.84991624535888e+01	1.79058370891771e+02	2.84991624535888e+01	1
253	283	263	273	0.00000000000000e+00	1.00000000000000e+00	0.00000000000000e+00	0.00000000000000e+00	6.28293730690412e+00	2.84975024442646e+01	1.79048021260662e+02	2.84975024442646e+01	1
254	284	264	274	0.00000000000000e+00	1.00000000000000e+00	0.00000000000000e+00	0.00000000000000e+00	6.28294007577951e+00	2.84834836606553e+01	1.78960020989342e+02	2.84834836606553e+01	1
255	285	265	275	0.00000000000000e+00	1.00000000000000e+00	0.00000000000000e+00	0.00000000000000e+00	6.28294280357827e+00	2.85773690034270e+01	1.79549974925282e+02	2.85773690034270e+01	1
256	286	266	276	0.00000000000000e+00	1.00000000000000e+00	0.00000000000000e+00	0.00000000000000e+00	6.28294549105949e+00	2.87753277491215e+01	1.80793815735102e+02	2.87753277491215e+01	1
257	287	267	277	0.00000000000000e+00	1.00000000000000e+00	0.00000000000000e+00	0.00000000000000e+00	6.28294813896551e+00	2.90085882664743e+01	1.82259455662862e+02	2.90085882664743e+01	1
258	288	268	278	0.00000000000000e+00	1.00000000000000e+00	0.00000000000000e+00	0.00000000000000e+00	6.28295074802230e+00	2.92572171267035e+01	1.83821654231272e+02	2.92572171267035e+01	1
259	289	269	279	0.00000000000000e+00	1.00000000000000e+00	0.00000000000000e+00	0.00000000000000e+00	6.28295331893992e+00	2.95421299956183e+01	1.85611823704524e+02	2.95421299956183e+01	1
260	290	270	280	0.00000000000000e+00	1.00000000000000e+00	0.00000000000000e+00	0.00000000000000e+00	6.28295585241290e+00	2.98106030757883e+01	1.87298703058982e+02	2.98106030757883e+01	1
261	291	271	281	0.00000000000000e+00	1.00000000000000e+00	0.00000000000000e+00	0.00000000000000e+00	6.28295834912065e+00	2.99983253936487e+01	1.88478228991663e+02	2.99983253936487e+01	1
262	292	272	282	0.00000000000000e+00	1.00000000000000e+00	0.00000000000000e+00	0.00000000000000e+00	6.28296080972785e+00	3.00370907628046e+01	1.88721864100939e+02	3.00370907628046e+01	1
263	293	273	283	0.00000000000000e+00	1.00000000000000e+00	0.00000000000000e+00	0.00000000000000e+00	6.28296323488477e+00	2.99216199084788e+01	1.87996437813168e+02	2.99216199084788e+01	1
264	294	274	284	0.00000000000000e+00	1.00000000000000e+00	0.00000000000000e+00	0.00000000000000e+00	6.28296562522772e+00	2.98222569543191e+01	1.87372215310695e+02	2.98222569543191e+01	1
265	295	275	285	0.00000000000000e+00	1.00000000000000e+00	0.00000000000000e+00	0.00000000000000e+00	6.28296798137930e+00	2.99312688913570e+01	1.88057204086450e+02	2.99312688913570e+01	1
266	296	276	286	0.00000000000000e+00	1.00000000000000e+00	0.00000000000000e+00	0.00000000000000e+00	6.28297030394884e+00	3.02813577680501e+01	1.90256871619909e+02	3.02813577680501e+01	1
267	297	277	287	0.00000000000000e+00	1.00000000000000e+00	0.00000000000000e+00	0.00000000000000e+00	6.28297259353265e+00	3.07034002551415e+01	1.92908622331317e+02	3.07034002551415e+01	1
268	298	278	288	0.00000000000000e+00	1.00000000000000e+00	0.00000000000000e+00	0.00000000000000e+00	6.28297485071439e+00	3.11087804476505e+01	1.95455685188984e+02	3.11087804476505e+01	1
269	299	279	289	0.00000000000000e+00	1.00000000000000e+00	0.00000000000000e+00	0.00000000000000e+00	6.28297707606536e+00	3.14880381866907e+01	1.97838622097249e+02	3.14880381866907e+01	1
270	300	280	290	0.00000000000000e+00	1.00000000000000e+00	0.00000000000000e+00	0.00000000000000e+00	6.28297927014482e+00	3.20331559089357e+01	2.01263654533160e+02	3.20331559089357e+01	1
271	301	281	291	0.00000000000000e+00	1.00000000000000e+00	0.00000000000000e+00	0.00000000000000e+00	6.28298143350028e+00	3.43969078392674e+01	2.16115133323937e+02	3.43969078392674e+01	1
1	121	41	81	0.00000000000000e+00	1.00000000000000e+00	0.00000000000000e+00	0.00000000000000e+00	1.73329249853230e+01	5.48388210315329e+00	9.50517171223113e+01	5.48388210315329e+00	1
2	122	42	82	0.00000000000000e+00	1.00000000000000e+00	0.00000000000000e+00	0.00000000000000e+00	1.77530942490195e+01	5.31596745770249e+00	9.43748713013128e+01	5.31596745770249e+00	1
3	123	43	83	0.00000000000000e+00	1.00000000000000e+00	0.00000000000000e+00	0.00000000000000e+00	1.81453822840191e+01	5.17104714655997e+00	9.38306272830169e+01	5.17104714655997e+00	1
4	124	44	84	0.00000000000000e+00	1.00000000000000e+00	0.00000000000000e+00	0.00000000000000e+00	1.85118101639953e+01	5.03708886847645e+00	9.32456329124100e+01	5.03708886847645e+00	1
5	125	45	85	0.00000000000000e+00	1.00000000000000e+00	0.00000000000000e+00	0.00000000000000e+00	1.88542647788761e+01	4.91533137672531e+00	9.26749592526968e+01	4.91533137672531e+00	1
6	126	46	86	0.00000000000000e+00	1.00000000000000e+00	0.00000000000000e+00	0.00000000000000e+00	1.91745019632122e+01	4.80410676498872e+00	9.21163545967575e+01	4.80410676498872e+00	1
7	127	47	87	0.00000000000000e+00	1.00000000000000e+00	0.00000000000000e+00	0.00000000000000e+00	1.94741513573300e+01	4.69915529706183e+00	9.15120615065810e+01	4.69915529706183e+00	1
8	128	48	88	0.00000000000000e+00	1.00000000000000e+00	0.00000000000000e+00	0.00000000000000e+00	1.97547223950448e+01	4.60619975822139e+00	9.09941975197861e+01	4.60619975822139e+00	1
9	129	49	89	0.00000000000000e+00	1.00000000000000e+00	0.00000000000000e+00	0.00000000000000e+00	2.00176109623620e+01	4.52625549300921e+00	9.06048215753125e+01	4.52625549300921e+00	1
10	130	50	90	0.00000000000000e+00	1.00000000000000e+00	0.00000000000000e+00	0.00000000000000e+00	2.02641063895828e+01	4.45703629556564e+00	9.03178576755744e+01	4.45703629556564e+00	1
11	131	51	91	0.00000000000000e+00	1.00000000000000e+00	0.00000000000000e+00	0.00000000000000e+00	2.04953985308329e+01	4.39848601146163e+00	9.01487237371998e+01	4.39848601146163e+00	1
12	132	52	92	0.00000000000000e+00	1.00000000000000e+00	0.00000000000000e+00	0.00000000000000e+00	2.07125847555329e+01	4.34813836337479e+00	9.00611843801847e+01	4.34813836337479e+00	1
13	133	53	93	0.00000000000000e+00	1.00000000000000e+00	0.00000000000000e+00	0.00000000000000e+00	2.09166767301387e+01	4.29995967111660e+00	8.99408663933794e+01	4.29995967111660e+00	1
14	134	54	94	0.00000000000000e+00	1.00000000000000e+00	0.00000000000000e+00	0.00000000000000e+00	2.11086069091672e+01	4.25565701196101e+00	8.98309910057260e+01	4.25565701196101e+00	1
15	135	55	95	0.00000000000000e+00	1.00000000000000e+00	0.00000000000000e+00	0.00000000000000e+00	2.12892346849898e+01	4.21475703534084e+00	8.97289516655832e+01	4.21475703534084e+00	1
16	136	56	96	0.00000000000000e+00	1.00000000000000e+00	0.00000000000000e+00	0.00000000000000e+00	2.14593521684170e+01	4.17335085852401e+00	8.95574057954320e+01	4.17335085852401e+00	1
17	137	57	97	0.00000000000000e+00	1.00000000000000e+00	0.00000000000000e+00	0.00000000000000e+00	2.16196895885438e+01	4.13529858148155e+00	8.94038716875766e+01	4.13529858148155e+00	1
18	138	58	98	0.00000000000000e+00	1.00000000000000e+00	0.00000000000000e+00	0.00000000000000e+00	2.17709203121143e+01	4.09732360394840e+00	8.92025056745056e+01	4.09732360394840e+00	1
19	139	59	99	0.00000000000000e+00	1.00000000000000e+00	0.00000000000000e+00	0.00000000000000e+00	2.19136654909030e+01	4.06300279698993e+00	8.90352841818405e+01	4.06300279698993e+00	1
20	140	60	100	0.00000000000000e+00	1.00000000000000e+00	0.00000000000000e+00	0.00000000000000e+00	2.20484983511900e+01	4.03520355135266e+00	8.89701788487150e+01	4.03520355135266e+00	1
21	141	61	101	0.00000000000000e+00	1.00000000000000e+00	0.00000000000000e+00	0.00000000000000e+00	2.21759481429868e+01	4.00496431627557e+00	8.88138809922396e+01	4.00496431627557e+00	1
22	142	62	102	0.00000000000000e+00	1.00000000000000e+00	0.00000000000000e+00	0.00000000000000e+00	2.22965037687727e+01	3.96951010914106e+00	8.85061971086449e+01	3.96951010914106e+00	1
23	143	63	103	0.00000000000000e+00	1.00000000000000e+00	0.00000000000000e+00	0.00000000000000e+00	2.24106171125271e+01	3.92876055469314e+00	8.80459485180274e+01	3.92876055469314e+00	1
24	144	64	104	0.00000000000000e+00	1.00000000000000e+00	0.00000000000000e+00	0.00000000000000e+00	2.25187060900922e+01	3.87642419991715e+00	8.72920572384553e+01	3.87642419991715e+00	1
25	145	65	105	0.00000000000000e+00	1.00000000000000e+00	0.00000000000000e+00	0.00000000000000e+00	2.26211574416016e+01	3.81352964874785e+00	8.62664545925409e+01	3.81352964874785e+00	1
26	146	66	106	0.00000000000000e+00	1.00000000000000e+00	0.00000000000000e+00	0.00000000000000e+00	2.27183292860363e+01	3.75133605793010e+00	8.52240878266372e+01	3.75133605793010e+00	1
27	147	67	107	0.00000000000000e+00	1.00000000000000e+00	0.00000000000000e+00	0.00000000000000e+00	2.28105534570528e+01	3.68682721502599e+00	8.40985692752675e+01	3.68682721502599e+00	1
28	148	68	108	0.00000000000000e+00	1.00000000000000e+00	0.00000000000000e+00	0.00000000000000e+00	2.28981376381591e+01	3.62247226469670e+00	8.29478685074390e+01	3.62247226469670e+00	1
29	149	69	109	0.00000000000000e+00	1.00000000000000e+00	0.00000000000000e+00	0.00000000000000e+00	2.29813673141639e+01	3.55791986112850e+00	8.17658632029531e+01	3.55791986112850e+00	1
30	150	70	110	0.00000000000000e+00	1.00000000000000e+00	0.00000000000000e+00	0.00000000000000e+00	2.30605075546512e+01	3.49055392859531e+00	8.04939452402894e+01	3.49055392859531e+00	1
31	151	71	111	0.00000000000000e+00	1.00000000000000e+00	0.00000000000000e+00	0.00000000000000e+00	2.31358046440565e+01	3.42575632925365e+00	7.92576291917525e+01	3.42575632925365e+00	1
32	152	72	112	0.00000000000000e+00	1.00000000000000e+00	0.00000000000000e+00	0.00000000000000e+00	2.32074875717861e+01	3.36144105670647e+00	7.80106015468070e+01	3.36144105670647e+00	1
33	153	73	113	0.00000000000000e+00	1.00000000000000e+00	0.00000000000000e+00	0.00000000000000e+00	2.32757693947237e+01	3.29977850255912e+00	7.68048834792329e+01	3.29977850255912e+00	1
34	154	74	114	0.00000000000000e+00	1.00000000000000e+00	0.00000000000000e+00	0.00000000000000e+00	2.33408484834411e+01	3.24090721036043e+00	7.56455241459144e+01	3.24090721036043e+00	1
35	155	75	115	0.00000000000000e+00	1.00000000000000e+00	0.00000000000000e+00	0.00000000000000e+00	2.34029096624540e+01	3.18219810703582e+00	7.44726948269914e+01	3.18219810703582e+00	1
36	156	76	116	0.00000000000000e+00	1.00000000000000e+00	0.00000000000000e+00	0.00000000000000e+00	2.34621252539666e+01	3.12527023878854e+00	7.33254817949508e+01	3.12527023878854e+00	1
37	157	77	117	0.00000000000000e+00	1.00000000000000e+00	0.00000000000000e+00	0.00000000000000e+00	2.35186560337072e+01	3.06461985786971e+00	7.20757403113065e+01	3.06461985786971e+00	1
38	158	78	118	0.00000000000000e+00	1.00000000000000e+00	0.00000000000000e+00	0.00000000000000e+00	2.35726521066915e+01	3.00202433845534e+00	7.07656753462283e+01	3.00202433845534e+00	1
39	159	79	119	0.00000000000000e+00	1.00000000000000e+00	0.00000000000000e+00	0.00000000000000e+00	2.36242537100372e+01	2.94235124638053e+00	6.95108523485380e+01	2.94235124638053e+00	1
40	160	80	120	0.00000000000000e+00	1.00000000000000e+00	0.00000000000000e+00	0.00000000000000e+00	2.36735919493117e+01	2.88014191646191e+00	6.81833044864279e+01	2.88014191646191e+00	1
41	161	81	121	0.00000000000000e+00	1.00000000000000e+00	0.00000000000000e+00	0.00000000000000e+00	2.37207894742960e+01	2.81521034371324e+00	6.67790118890823e+01	2.81521034371324e+00	1
42	162	82	122	0.00000000000000e+00	1.00000000000000e+00	0.00000000000000e+00	0.00000000000000e+00	2.37659610995146e+01	2.75282847646515e+00	6.54236144853069e+01	2.75282847646515e+00	1
43	163	83	123	0.00000000000000e+00	1.00000000000000e+00	0.00000000000000e+00	0.00000000000000e+00	2.38092143743874e+01	2.68942957536689e+00	6.40332053047279e+01	2.68942957536689e+00	1
44	164	84	124	0.00000000000000e+00	1.00000000000000e+00	0.00000000000000e+00	0.00000000000000e+00	2.38506501074122e+01	2.62282897347660e+00	6.25561761379736e+01	2.62282897347660e+00	1
45	165	85	125	0.00000000000000e+00	1.00000000000000e+00	0.00000000000000e+00	0.00000000000000e+00	2.38903628483859e+01	2.55522389694738e+00	6.10452260569396e+01	2.55522389694738e+00	1
46	166	86	126	0.00000000000000e+00	1.00000000000000e+00	0.00000000000000e+00	0.00000000000000e+00	2.39284413322998e+01	2.48171150672418e+00	5.93834881923428e+01	2.48171150672418e+00	1
47	167	87	127	0.00000000000000e+00	1.00000000000000e+00	0.00000000000000e+00	0.00000000000000e+00	2.39649688882147e+01	2.40446048926444e+00	5.76228208181637e+01	2.40446048926444e+00	1
48	168	88	128	0.00000000000000e+00	1.00000000000000e+00	0.00000000000000e+00	0.00000000000000e+00	2.40000238161194e+01	2.32825694011517e+00	5.58782220128095e+01	2.32825694011517e+00	1
49	169	89	129	0.00000000000000e+00	1.00000000000000e+00	0.00000000000000e+00	0.00000000000000e+00	2.40336797345004e+01	2.24838352837620e+00	5.40369296413196e+01	2.24838352837620e+00	1
50	170	90	130	0.00000000000000e+00	1.00000000000000e+00	0.00000000000000e+00	0.00000000000000e+00	2.40660059011048e+01	2.16442686770483e+00	5.20891097706943e+01	2.16442686770483e+00	1
51	171	91	131	0.00000000000000e+00	1.00000000000000e+00	0.00000000000000e+00	0.00000000000000e+00	2.40970675091551e+01	2.08094341524359e+00	5.01446339598566e+01	2.08094341524359e+00	1
52	172	92	132	0.00000000000000e+00	1.00000000000000e+00	0.00000000000000e+00	0.00000000000000e+00	2.41269259610673e+01	1.99374702988270e+00	4.81029869750777e+01	1.99374702988270e+00	1
53	173	93	133	0.00000000000000e+00	1.00000000000000e+00	0.00000000000000e+00	0.00000000000000e+00	2.41556391215436e+01	1.90089712891209e+00	4.59173850531787e+01	1.90089712891209e+00	1
54	174	94	134	0.00000000000000e+00	1.00000000000000e+00	0.00000000000000e+00	0.00000000000000e+00	2.41832615517428e+01	1.80462802484071e+00	4.36417915283279e+01	1.80462802484071e+00	1
55	175	95	135	0.00000000000000e+00	1.00000000000000e+00	0.00000000000000e+00	0.00000000000000e+00	2.42098447260797e+01	1.70088750053099e+00	4.11782222843850e+01	1.70088750053099e+00	1
56	176	96	136	0.00000000000000e+00	1.00000000000000e+00	0.00000000000000e+00	0.00000000000000e+00	2.42354372330678e+01	1.59155333367071e+00	3.85719909212563e+01	1.59155333367071e+00	1
57	177	97	137	0.00000000000000e+00	1.00000000000000e+00	0.00000000000000e+00	0.00000000000000e+00	2.42600849614977e+01	1.48013399257673e+00	3.59081764143123e+01	1.48013399257673e+00	1
58	178	98	138	0.00000000000000e+00	1.00000000000000e+00	0.00000000000000e+00	0.00000000000000e+00	2.42838312731267e+01	1.35956145242463e+00	3.30153609161268e+01	1.35956145242463e+00	1
59	179	99	139	0.00000000000000e+00	1.00000000000000e+00	0.00000000000000e+00	0.00000000000000e+00	2.43067171629574e+01	1.22669209440927e+00	2.98168577848420e+01	1.22669209440927e+00	1
60	180	100	140	0.00000000000000e+00	1.00000000000000e+00	0.00000000000000e+00	0.00000000000000e+00	2.43287814080867e+01	1.09095069241822e+00	2.65415009228438e+01	1.09095069241822e+00	1
61	181	101	141	0.00000000000000e+00	1.00000000000000e+00	0.00000000000000e+00	0.00000000000000e+00	2.43500607060247e+01	9.58370823960871e-01	2.33363877423301e+01	9.58370823960871e-01	1
62	182	102	142	0.00000000000000e+00	1.00000000000000e+00	0.00000000000000e+00	0.00000000000000e+00	2.43705898033044e+01	8.34587184122154e-01	2.03393819193359e+01	8.34587184122154e-01	1
63	183	103	143	0.00000000000000e+00	1.00000000000000e+00	0.00000000000000e+00	0.00000000000000e+00	2.43904016151357e+01	7.39979172886842e-01	1.80483892135460e+01	7.39979172886842e-01	1
64	184	104	144	0.00000000000000e+00	1.00000000000000e+00	0.00000000000000e+00	0.00000000000000e+00	2.44095273367923e+01	6.86450018131864e-01	1.67559204829313e+01	6.86450018131864e-01	1
65	185	105	145	0.00000000000000e+00	1.00000000000000e+00	0.00000000000000e+00	0.00000000000000e+00	2.44279965473622e+01	6.67595395656340e-01	1.63080180201280e+01	6.67595395656340e-01	1
66	186	106	146	0.00000000000000e+00	1.00000000000000e+00	0.00000000000000e+00	0.00000000000000e+00	2.44458373064419e+01	6.58536635113988e-01	1.60984794423282e+01	6.58536635113988e-01	1
67	187	107	147	0.00000000000000e+00	1.00000000000000e+00	0.00000000000000e+00	0.00000000000000e+00	2.44630762443043e+01	6.53860713895878e-01	1.59954444971901e+01	6.53860713895878e-01	1
68	188	108	148	0.00000000000000e+00	1.00000000000000e+00	0.00000000000000e+00	0.00000000000000e+00	2.44797386460295e+01	6.52247824115038e-01	1.59668562667776e+01	6.52247824115038e-01	1
69	189	109	149	0.00000000000000e+00	1.00000000000000e+00	0.00000000000000e+00	0.00000000000000e+00	2.44958485300445e+01	6.51347122377744e-01	1.59553004502456e+01	6.51347122377744e-01	1
70	190	110	150	0.00000000000000e+00	1.00000000000000e+00	0.00000000000000e+00	0.00000000000000e+00	2.45114287214844e+01	6.52025842570610e-01	1.59820849647353e+01	6.52025842570610e-01	1
71	191	111	151	0.00000000000000e+00	1.00000000000000e+00	0.00000000000000e+00	0.00000000000000e+00	2.45265009207544e+01	6.53434659733322e-01	1.60264657836021e+01	6.53434659733322e-01	1
72	192	112	152	0.00000000000000e+00	1.00000000000000e+00	0.00000000000000e+00	0.00000000000000e+00	2.45410857676394e+01	6.55563794545181e-01	1.60882473080924e+01	6.55563794545181e-01	1
73	193	113	153	0.00000000000000e+00	1.00000000000000e+00	0.00000000000000e+00	0.00000000000000e+00	2.45552029012832e+01	6.58752935211194e-01	1.61758119859267e+01	6.58752935211194e-01	1
74	194	114	154	0.00000000000000e+00	1.00000000000000e+00	0.00000000000000e+00	0.00000000000000e+00	2.45688710163319e+01	6.62555481404438e-01	1.62782401637893e+01	6.62555481404438e-01	1
75	195	115	155	0.00000000000000e+00	1.00000000000000e+00	0.00000000000000e+00	0.00000000000000e+00	2.45821079155149e+01	6.66779196479275e-01	1.63908381636738e+01	6.66779196479275e-01	1
76	196	116	156	0.00000000000000e+00	1.00000000000000e+00	0.00000000000000e+00	0.00000000000000e+00	2.45949305589131e+01	6.71399938116346e-01	1.65130348552301e+01	6.71399938116346e-01	1
77	197	117	157	0.00000000000000e+00	1.00000000000000e+00	0.00000000000000e+00	0.00000000000000e+00	2.46073551101481e+01	6.76112604860531e-01	1.66373429622503e+01	6.76112604860531e-01	1
78	198	118	158	0.00000000000000e+00	1.00000000000000e+00	0.00000000000000e+00	0.00000000000000e+00	2.46193969797044e+01	6.81681593665124e-01	1.67825897681993e+01	6.81681593665124e-01	1
79	199	119	159	0.00000000000000e+00	1.00000000000000e+00	0.00000000000000e+00	0.00000000000000e+00	2.46310708655846e+01	6.88623225126351e-01	1.69615274577746e+01	6.88623225126351e-01	1
80	200	120	160	0.00000000000000e+00	1.00000000000000e+00	0.00000000000000e+00	0.00000000000000e+00	2.46423907914776e+01	6.95903301224344e-01	1.71487211018497e+01	6.95903301224344e-01	1
81	201	121	161	0.00000000000000e+00	1.00000000000000e+00	0.00000000000000e+00	0.00000000000000e+00	2.46533701426120e+01	7.03015808879385e-01	1.73317089524113e+01	7.03015808879385e-01	1
82	202	122	162	0.00000000000000e+00	1.00000000000000e+00	0.00000000000000e+00	0.00000000000000e+00	2.46640216994482e+01	7.09615986611663e-01	1.75019840920654e+01	7.09615986611663e-01	1
83	203	123	163	0.00000000000000e+00	1.00000000000000e+00	0.00000000000000e+00	0.00000000000000e+00	2.46743576693567e+01	7.15267006274594e-01	1.76487539419094e+01	7.15267006274594e-01	1
84	204	124	164	0.00000000000000e+00	1.00000000000000e+00	0.00000000000000e+00	0.00000000000000e+00	2.46843897164144e+01	7.19798414598824e-01	1.77677845832146e+01	7.19798414598824e-01	1
85	205	125	165	0.00000000000000e+00	1.00000000000000e+00	0.00000000000000e+00	0.00000000000000e+00	2.46941289894451e+01	7.23501876850379e-01	1.78662486710489e+01	7.23501876850379e-01	1
86	206	126	166	0.00000000000000e+00	1.00000000000000e+00	0.00000000000000e+00	0.00000000000000e+00	2.47035861484191e+01	7.25983914163404e-01	1.79344061659022e+01	7.25983914163404e-01	1
87	207	127	167	0.00000000000000e+00	1.00000000000000e+00	0.00000000000000e+00	0.00000000000000e+00	2.47127713893178e+01	7.28307274502960e-01	1.79984911759688e+01	7.28307274502960e-01	1
88	208	128	168	0.00000000000000e+00	1.00000000000000e+00	0.00000000000000e+00	0.00000000000000e+00	2.47216944675643e+01	7.31038646235162e-01	1.80725140562075e+01	7.31038646235162e-01	1
89	209	129	169	0.00000000000000e+00	1.00000000000000e+00	0.00000000000000e+00	0.00000000000000e+00	2.47303647201116e+01	7.34053709295089e-01	1.81534159550183e+01	7.34053709295089e-01	1
90	210	130	170	0.00000000000000e+00	1.00000000000000e+00	0.00000000000000e+00	0.00000000000000e+00	2.47387910862737e+01	7.37034036234663e-01	1.82333310458824e+01	7.37034036234663e-01	1
91	211	131	171	0.00000000000000e+00	1.00000000000000e+00	0.00000000000000e+00	0.00000000000000e+00	2.47469821273801e+01	7.39625070152958e-01	1.83034883920375e+01	7.39625070152958e-01	1
92	212	132	172	0.00000000000000e+00	1.00000000000000e+00	0.00000000000000e+00	0.00000000000000e+00	2.47549460453273e+01	7.41548991035010e-01	1.83570052630386e+01	7.41548991035010e-01	1
93	213	133	173	0.00000000000000e+00	1.00000000000000e+00	0.00000000000000e+00	0.00000000000000e+00	2.47626907000970e+01	7.42788588541759e-01	1.83934440736212e+01	7.42788588541759e-01	1
94	214	134	174	0.00000000000000e+00	1.00000000000000e+00	0.00000000000000e+00	0.00000000000000e+00	2.47702236263044e+01	7.43712392133339e-01	1.84219222667966e+01	7.43712392133339e-01	1
95	215	135	175	0.00000000000000e+00	1.00000000000000e+00	0.00000000000000e+00	0.00000000000000e+00	2.47775520488370e+01	7.44464363777383e-01	1.84460045219984e+01	7.44464363777383e-01	1
96	216	136	176	0.00000000000000e+00	1.00000000000000e+00	0.00000000000000e+00	0.00000000000000e+00	2.47846828976400e+01	7.44851257847551e-01	1.84609022316599e+01	7.44851257847551e-01	1
97	217	137	177	0.00000000000000e+00	1.00000000000000e+00	0.00000000000000e+00	0.00000000000000e+00	2.47916228216997e+01	7.44902755026517e-01	1.84673481414624e+01	7.44902755026517e-01	1
98	218	138	178	0.00000000000000e+00	1.00000000000000e+00	0.00000000000000e+00	0.00000000000000e+00	2.47983782022736e+01	7.44953685533524e-01	1.84736432370379e+01	7.44953685533524e-01	1
99	219	139	179	0.00000000000000e+00	1.00000000000000e+00	0.00000000000000e+00	0.00000000000000e+00	2.48049551654129e+01	7.44569604746118e-01	1.84690156632567e+01	7.44569604746118e-01	1
100	220	140	180	0.00000000000000e+00	1.00000000000000e+00	0.00000000000000e+00	0.00000000000000e+00	2.48113595938194e+01	7.43576143653773e-01	1.84491350855793e+01	7.43576143653773e-01	1
101	221	141	181	0.00000000000000e+00	1.00000000000000e+00	0.00000000000000e+00	0.00000000000000e+00	2.48175971380761e+01	7.41674819440306e-01	1.84065868763249e+01	7.41674819440306e-01	1
102	222	142	182	0.00000000000000e+00	1.00000000000000e+00	0.00000000000000e+00	0.00000000000000e+00	2.48236732272891e+01	7.38397641744651e-01	1.83297417704701e+01	7.38397641744651e-01	1
103	223	143	183	0.00000000000000e+00	1.00000000000000e+00	0.00000000000000e+00	0.00000000000000e+00	2.48295930791746e+01	7.34182769987905e-01	1.82294594245410e+01	7.34182769987905e-01	1
104	224	144	184	0.00000000000000e+00	1.00000000000000e+00	0.00000000000000e+00	0.00000000000000e+00	2.48353617096236e+01	7.28704370176385e-01	1.80976366127140e+01	7.28704370176385e-01	1
105	225	145	185	0.00000000000000e+00	1.00000000000000e+00	0.00000000000000e+00	0.00000000000000e+00	2.48409839417747e+01	7.22990634720314e-01	1.79597987471408e+01	7.22990634720314e-01	1
106	226	146	186	0.00000000000000e+00	1.00000000000000e+00	0.00000000000000e+00	0.00000000000000e+00	2.48464644146233e+01	7.17664558588738e-01	1.78314269166114e+01	7.17664558588738e-01	1
107	227	147	187	0.00000000000000e+00	1.00000000000000e+00	0.00000000000000e+00	0.00000000000000e+00	2.48518075911931e+01	7.11914204414445e-01	1.76923548295451e+01	7.11914204414445e-01	1
108	228	148	188	0.00000000000000e+00	1.00000000000000e+00	0.00000000000000e+00	0.00000000000000e+00	2.48570177662958e+01	7.07101783132289e-01	1.75764415858987e+01	7.07101783132289e-01	1
109	229	149	189	0.00000000000000e+00	1.00000000000000e+00	0.00000000000000e+00	0.00000000000000e+00	2.48620990739005e+01	7.03925471918515e-01	1.75010648234803e+01	7.03925471918515e-01	1
110	230	150	190	0.00000000000000e+00	1.00000000000000e+00	0.00000000000000e+00	0.00000000000000e+00	2.48670554941375e+01	7.01561636668788e-01	1.74457721516007e+01	7.01561636668788e-01	1
111	231	151	191	0.00000000000000e+00	1.00000000000000e+00	0.00000000000000e+00	0.00000000000000e+00	2.48718908599538e+01	6.99418684544413e-01	1.73958651874011e+01	6.99418684544413e-01	1
112	232	152	192	0.00000000000000e+00	1.00000000000000e+00	0.00000000000000e+00	0.00000000000000e+00	2.48766088634416e+01	6.97401162078352e-01	1.73489759299328e+01	6.97401162078352e-01	1
113	233	153	193	0.00000000000000e+00	1.00000000000000e+00	0.00000000000000e+00	0.00000000000000e+00	2.48812130618570e+01	6.94977786202381e-01	1.72918903717592e+01	6.94977786202381e-01	1
114	234	154	194	0.00000000000000e+00	1.00000000000000e+00	0.00000000000000e+00	0.00000000000000e+00	2.48857068833465e+01	6.92395472094962e-01	1.72307507659115e+01	6.92395472094962e-01	1
115	235	155	195	0.00000000000000e+00	1.00000000000000e+00	0.00000000000000e+00	0.00000000000000e+00	2.48900936323958e+01	6.90005492975057e-01	1.71743013270166e+01	6.90005492975057e-01	1
116	236	156	196	0.00000000000000e+00	1.00000000000000e+00	0.00000000000000e+00	0.00000000000000e+00	2.48943764950185e+01	6.86951731450487e-01	1.71012350366333e+01	6.86951731450487e-01	1
117	237	157	197	0.00000000000000e+00	1.00000000000000e+00	0.00000000000000e+00	0.00000000000000e+00	2.48985585436951e+01	6.85473140524944e-01	1.70672931194908e+01	6.85473140524944e-01	1
118	238	158	198	0.00000000000000e+00	1.00000000000000e+00	0.00000000000000e+00	0.00000000000000e+00	2.49026427420791e+01	6.85536983161511e-01	1.70716825781538e+01	6.85536983161511e-01	1
119	239	159	199	0.00000000000000e+00	1.00000000000000e+00	0.00000000000000e+00	0.00000000000000e+00	2.49066319494805e+01	6.90424875886311e-01	1.71961582724661e+01	6.90424875886311e-01	1
120	240	160	200	0.00000000000000e+00	1.00000000000000e+00	0.00000000000000e+00	0.00000000000000e+00	2.49105289251392e+01	7.02305130349878e-01	1.74947922638543e+01	7.02305130349878e-01	1
121	241	161	201	0.00000000000000e+00	1.00000000000000e+00	0.00000000000000e+00	0.00000000000000e+00	2.49143363322988e+01	7.37569477732556e-01	1.83760540366669e+01	7.37569477732556e-01	1
122	242	162	202	0.00000000000000e+00	1.00000000000000e+00	0.00000000000000e+00	0.00000000000000e+00	2.49180567420920e+01	8.58078849116143e-01	2.13816574514651e+01	8.58078849116143e-01	1
123	243	163	203	0.00000000000000e+00	1.00000000000000e+00	0.00000000000000e+00	0.00000000000000e+00	2.49216926372468e+01	1.08086689228181e+00	2.69370324712234e+01	1.08086689228181e+00	1
124	244	164	204	0.00000000000000e+00	1.00000000000000e+00	0.00000000000000e+00	0.00000000000000e+00	2.49252464156229e+01	1.37277570497371e+00	3.42167727198501e+01	1.37277570497371e+00	1
125	245	165	205	0.00000000000000e+00	1.00000000000000e+00	0.00000000000000e+00	0.00000000000000e+00	2.49287203935872e+01	1.68491175993334e+00	4.20026941512451e+01	1.68491175993334e+00	1
126	246	166	206	0.00000000000000e+00	1.00000000000000e+00	0.00000000000000e+00	0.00000000000000e+00	2.49321168092358e+01	2.00643466443592e+00	5.00246634238163e+01	2.00643466443592e+00	1
127	247	167	207	0.00000000000000e+00	1.00000000000000e+00	0.00000000000000e+00	0.00000000000000e+00	2.49354378254721e+01	2.32161110181129e+00	5.78903892841412e+01	2.32161110181129e+00	1
128	248	168	208	0.00000000000000e+00	1.00000000000000e+00	0.00000000000000e+00	0.00000000000000e+00	2.49386855329455e+01	2.60730015528553e+00	6.50226386626657e+01	2.60730015528553e+00	1
129	249	169	209	0.00000000000000e+00	1.00000000000000e+00	0.00000000000000e+00	0.00000000000000e+00	2.49418619528610e+01	2.87709126717237e+00	7.17600132115951e+01	2.87709126717237e+00	1
130	250	170	210	0.00000000000000e+00	1.00000000000000e+00	0.00000000000000e+00	0.00000000000000e+00	2.49449690396627e+01	3.15140964043947e+00	7.86118159120571e+01	3.15140964043947e+00	1
131	251	171	211	0.00000000000000e+00	1.00000000000000e+00	0.00000000000000e+00	0.00000000000000e+00	2.49480086836005e+01	3.41068147624769e+00	8.50897110864226e+01	3.41068147624769e+00	1
132	252	172	212	0.00000000000000e+00	1.00000000000000e+00	0.00000000000000e+00	0.00000000000000e+00	2.49509827131836e+01	3.64135653727306e+00	9.08554240140381e+01	3.64135653727306e+00	1
133	253	173	213	0.00000000000000e+00	1.00000000000000e+00	0.00000000000000e+00	0.00000000000000e+00	2.49538928975276e+01	3.85965924514991e+00	9.63135234244232e+01	3.85965924514991e+00	1
134	254	174	214	0.00000000000000e+00	1.00000000000000e+00	0.00000000000000e+00	0.00000000000000e+00	2.49567409486000e+01	4.06407040785312e+00	1.01425952365662e+02	4.06407040785312e+00	1
135	255	175	215	0.00000000000000e+00	1.00000000000000e+00	0.00000000000000e+00	0.00000000000000e+00	2.49595285233683e+01	4.26089332898878e+00	1.06349888579925e+02	4.26089332898878e+00	1
136	256	176	216	0.00000000000000e+00	1.00000000000000e+00	0.00000000000000e+00	0.00000000000000e+00	2.49622572258570e+01	4.44745610649133e+00	1.11018543330945e+02	4.44745610649133e+00	1
137	257	177	217	0.00000000000000e+00	1.00000000000000e+00	0.00000000000000e+00	0.00000000000000e+00	2.49649286091164e+01	4.61537459096415e+00	1.15222497167750e+02	4.61537459096415e+00	1
138	258	178	218	0.00000000000000e+00	1.00000000000000e+00	0.00000000000000e+00	0.00000000000000e+00	2.49675441771083e+01	4.77708509993570e+00	1.19272083270451e+02	4.77708509993570e+00	1
139	259	179	219	0.00000000000000e+00	1.00000000000000e+00	0.00000000000000e+00	0.00000000000000e+00	2.49701053865121e+01	4.92423133824163e+00	1.22958575463459e+02	4.92423133824163e+00	1
140	260	180	220	0.00000000000000e+00	1.00000000000000e+00	0.00000000000000e+00	0.00000000000000e+00	2.49726136484547e+01	5.06472784568132e+00	1.26479491724770e+02	5.06472784568132e+00	1
141	261	181	221	0.00000000000000e+00	1.00000000000000e+00	0.00000000000000e+00	0.00000000000000e+00	2.49750703301693e+01	5.20140975271248e+00	1.29905574390023e+02	5.20140975271248e+00	1
142	262	182	222	0.00000000000000e+00	1.00000000000000e+00	0.00000000000000e+00	0.00000000000000e+00	2.49774767565844e+01	5.32730189112358e+00	1.33062559160847e+02	5.32730189112358e+00	1
143	263	183	223	0.00000000000000e+00	1.00000000000000e+00	0.00000000000000e+00	0.00000000000000e+00	2.49798342118479e+01	5.45135719069655e+00	1.36173998853165e+02	5.45135719069655e+00	1
144	264	184	224	0.00000000000000e+00	1.00000000000000e+00	0.00000000000000e+00	0.00000000000000e+00	2.49821439407881e+01	5.56264992426181e+00	1.38966921100123e+02	5.56264992426181e+00	1
145	265	185	225	0.00000000000000e+00	1.00000000000000e+00	0.00000000000000e+00	0.00000000000000e+00	2.49844071503156e+01	5.67106172588135e+00	1.41688115133991e+02	5.67106172588135e+00	1
146	266	186	226	0.00000000000000e+00	1.00000000000000e+00	0.00000000000000e+00	0.00000000000000e+00	2.49866250107677e+01	5.78999572648560e+00	1.44672452031643e+02	5.78999572648560e+00	1
147	267	187	227	0.00000000000000e+00	1.00000000000000e+00	0.00000000000000e+00	0.00000000000000e+00	2.49887986571990e+01	5.90064967200240e+00	1.47450146600335e+02	5.90064967200240e+00	1
148	268	188	228	0.00000000000000e+00	1.00000000000000e+00	0.00000000000000e+00	0.00000000000000e+00	2.49909291906193e+01	6.00139175641817e+00	1.49980356429813e+02	6.00139175641817e+00	1
149	269	189	229	0.00000000000000e+00	1.00000000000000e+00	0.00000000000000e+00	0.00000000000000e+00	2.49930176791833e+01	6.11017954700902e+00	1.52711825441381e+02	6.11017954700902e+00	1
150	270	190	230	0.00000000000000e+00	1.00000000000000e+00	0.00000000000000e+00	0.00000000000000e+00	2.49950651593314e+01	6.20983053523265e+00	1.55215118856546e+02	6.20983053523265e+00	1
151	271	191	231	0.00000000000000e+00	1.00000000000000e+00	0.00000000000000e+00	0.00000000000000e+00	2.49970726368864e+01	6.29023236849708e+00	1.57237395418216e+02	6.29023236849708e+00	1
152	272	192	232	0.00000000000000e+00	1.00000000000000e+00	0.00000000000000e+00	0.00000000000000e+00	2.49990410881067e+01	6.37205450018683e+00	1.59295252265826e+02	6.37205450018683e+00	1
153	273	193	233	0.00000000000000e+00	1.00000000000000e+00	0.00000000000000e+00	0.00000000000000e+00	2.50009714606980e+01	6.45429122350302e+00	1.61363550677833e+02	6.45429122350302e+00	1
154	274	194	234	0.00000000000000e+00	1.00000000000000e+00	0.00000000000000e+00	0.00000000000000e+00	2.50028646747857e+01	6.54200726156860e+00	1.63568922262465e+02	6.54200726156860e+00	1
155	275	195	235	0.00000000000000e+00	1.00000000000000e+00	0.00000000000000e+00	0.00000000000000e+00	2.50047216238495e+01	6.62521731668607e+00	1.65661714701242e+02	6.62521731668607e+00	1
156	276	196	236	0.00000000000000e+00	1.00000000000000e+00	0.00000000000000e+00	0.00000000000000e+00	2.50065431756221e+01	6.69330571895038e+00	1.67376438448571e+02	6.69330571895038e+00	1
157	277	197	237	0.00000000000000e+00	1.00000000000000e+00	0.00000000000000e+00	0.00000000000000e+00	2.50083301729530e+01	6.76706148305148e+00	1.69232907868825e+02	6.76706148305148e+00	1
158	278	198	238	0.00000000000000e+00	1.00000000000000e+00	0.00000000000000e+00	0.00000000000000e+00	2.50100834346395e+01	6.85043373955950e+00	1.71329919389853e+02	6.85043373955950e+00	1
159	279	199	239	0.00000000000000e+00	1.00000000000000e+00	0.00000000000000e+00	0.00000000000000e+00	2.50118037562260e+01	6.93373606527028e+00	1.73425245762007e+02	6.93373606527028e+00	1
160	280	200	240	0.00000000000000e+00	1.00000000000000e+00	0.00000000000000e+00	0.00000000000000e+00	2.50134919107727e+01	7.00244204211178e+00	1.75155527376018e+02	7.00244204211178e+00	1
161	281	201	241	0.00000000000000e+00	1.00000000000000e+00	0.00000000000000e+00	0.00000000000000e+00	2.50151486495963e+01	7.06648315454954e+00	1.76769126540925e+02	7.06648315454954e+00	1
162	282	202	242	0.00000000000000e+00	1.00000000000000e+00	0.00000000000000e+00	0.00000000000000e+00	2.50167747029815e+01	7.11409648016029e+00	1.77971748859444e+02	7.11409648016029e+00	1
163	283	203	243	0.00000000000000e+00	1.00000000000000e+00	0.00000000000000e+00	0.00000000000000e+00	2.50183707808672e+01	7.12848386840113e+00	1.78343052525090e+02	7.12848386840113e+00	1
164	284	204	244	0.00000000000000e+00	1.00000000000000e+00	0.00000000000000e+00	0.00000000000000e+00	2.50199375735061e+01	7.12251228288966e+00	1.78204812684430e+02	7.12251228288966e+00	1
165	285	205	245	0.00000000000000e+00	1.00000000000000e+00	0.00000000000000e+00	0.00000000000000e+00	2.50214757521011e+01	7.11228506301874e+00	1.77959868246354e+02	7.11228506301874e+00	1
166	286	206	246	0.00000000000000e+00	1.00000000000000e+00	0.00000000000000e+00	0.00000000000000e+00	2.50229859694169e+01	7.10530747241970e+00	1.77796009190751e+02	7.10530747241970e+00	1
167	287	207	247	0.00000000000000e+00	1.00000000000000e+00	0.00000000000000e+00	0.00000000000000e+00	2.50244688603706e+01	7.10558020159446e+00	1.77813370489667e+02	7.10558020159446e+00	1
168	288	208	248	0.00000000000000e+00	1.00000000000000e+00	0.00000000000000e+00	0.00000000000000e+00	2.50259250425995e+01	7.11094408702303e+00	1.77957953703955e+02	7.11094408702303e+00	1
169	289	209	249	0.00000000000000e+00	1.00000000000000e+00	0.00000000000000e+00	0.00000000000000e+00	2.50273551170089e+01	7.10604667586605e+00	1.77845553634940e+02	7.10604667586605e+00	1
170	290	210	250	0.00000000000000e+00	1.00000000000000e+00	0.00000000000000e+00	0.00000000000000e+00	2.50287596683004e+01	7.10024226318464e+00	1.77710257191957e+02	7.10024226318464e+00	1
171	291	211	251	0.00000000000000e+00	1.00000000000000e+00	0.00000000000000e+00	0.00000000000000e+00	2.50301392654803e+01	7.10078411946432e+00	1.77733615404303e+02	7.10078411946432e+00	1
172	292	212	252	0.00000000000000e+00	1.00000000000000e+00	0.00000000000000e+00	0.00000000000000e+00	2.50314944623507e+01	7.10466214280593e+00	1.77840311084519e+02	7.10466214280593e+00	1
173	293	213	253	0.00000000000000e+00	1.00000000000000e+00	0.00000000000000e+00	0.00000000000000e+00	2.50328257979826e+01	7.12225698092122e+00	1.78290218291866e+02	7.12225698092122e+00	1
174	294	214	254	0.00000000000000e+00	1.00000000000000e+00	0.00000000000000e+00	0.00000000000000e+00	2.50341337971720e+01	7.14303941262607e+00	1.78819804374154e+02	7.14303941262607e+00	1
175	295	215	255	0.00000000000000e+00	1.00000000000000e+00	0.00000000000000e+00	0.00000000000000e+00	2.50354189708808e+01	7.17494649359924e+00	1.79627791560909e+02	7.17494649359924e+00	1
176	296	216	256	0.00000000000000e+00	1.00000000000000e+00	0.00000000000000e+00	0.00000000000000e+00	2.50366818166609e+01	7.22023882132247e+00	1.80770822009753e+02	7.22023882132247e+00	1
177	297	217	257	0.00000000000000e+00	1.00000000000000e+00	0.00000000000000e+00	0.00000000000000e+00	2.50379228190646e+01	7.27890325770194e+00	1.82248617973779e+02	7.27890325770194e+00	1
178	298	218	258	0.00000000000000e+00	1.00000000000000e+00	0.00000000000000e+00	0.00000000000000e+00	2.50391424500401e+01	7.37368599518927e+00	1.84630774015410e+02	7.37368599518927e+00	1
179	299	219	259	0.00000000000000e+00	1.00000000000000e+00	0.00000000000000e+00	0.00000000000000e+00	2.50403411693133e+01	7.50225353792590e+00	1.87858988128352e+02	7.50225353792590e+00	1
180	300	220	260	0.00000000000000e+00	1.00000000000000e+00	0.00000000000000e+00	0.00000000000000e+00	2.50415194247564e+01	7.69183244080686e+00	1.92615171478437e+02	7.69183244080686e+00	1
181	301	221	261	0.00000000000000e+00	1.00000000000000e+00	0.00000000000000e+00	0.00000000000000e+00	2.50426776527444e+01	8.22387776106524e+00	2.05947919825930e+02	8.22387776106524e+00	1
0
